0	0	0.025064739200448334	0.08979428100994756	0.5638131808319377	0.05329638725856476	0.09886672625745037	2.0676033106050142E-4	2.6605599889226465E-4	0.004904583041158141	0.084991727001383	0.07879555906915746
1	1	0.0014103999110662944	0.24679398282387105	0.0925307800133257	0.021942593722328818	0.0013769345020107635	0.10897431530488018	8.149797811676236E-4	8.922335192477844E-4	0.5241324222842023	0.0011313581378994237
2	2	0.34198341475265737	7.487572997352071E-4	0.1576287582536442	0.44566373012951593	5.575381205252376E-4	2.564497512910752E-4	3.299955769825821E-4	0.04613723092138513	0.0024213611751960624	0.004272764019067254
3	3	0.0044917051732550695	0.0013569923089906707	0.11283937873983566	0.15437046521805406	0.0010104408221321094	0.08688242827362619	0.014424884794496808	6.547509481431449E-4	0.612768606163038	0.011200347558428142
4	4	0.07247285260543392	0.03583966284829601	0.006625614391454841	0.3881261202777641	1.531804728460038E-4	0.0561415201850448	0.00533095060793327	6.232873345450236E-4	0.39735491872183243	0.03733189255484966
5	5	0.0017479880669519711	0.06067139040066997	0.4124145394629494	0.16146775945755545	0.2585767274122457	0.035812697895279036	0.01268596921564869	0.001105795265826829	0.013249260936940174	0.042267871885932715
6	6	0.0063905948368598925	0.2641768137741434	0.32083274197005973	0.11942498834767726	0.1535801470659846	0.013818623321774134	3.351088866803298E-4	3.668746000859385E-4	0.1186720220278757	0.0024020851688590296
7	7	0.03123500287978654	0.11427740603667318	0.16436943059214043	0.04901747926901026	0.003570356300408488	0.0985867716433267	0.021704899215531002	8.024155184718154E-4	0.48321730806142055	0.03321893048323106
8	8	0.2985446611237457	0.011739131783596188	0.2368071091069939	0.005261822381279858	0.0025893279234314344	0.0024110157815242636	1.954317209307213E-4	2.1395712650545384E-4	0.04887592618930362	0.3933616168626889
9	9	2.3720143411693354E-4	0.6245719001347895	0.08923731335546894	0.037755309853718506	2.3157321267491685E-4	0.016742910944143333	0.0120202025553064	0.02470854341664171	0.19351256370984832	9.824813832914293E-4
10	10	0.10503880678673327	2.837924320758369E-4	0.14504783233646473	0.3467510839805338	2.1131693708335595E-4	8.201118363570678E-4	1.2507423620347315E-4	0.19243173132557753	0.20911662158229996	1.7362854667096313E-4
11	11	0.13849032268148548	0.05385625595172662	0.3577358651609292	0.16718022148670778	8.551044798022144E-4	0.003397392604880533	0.010701443853833354	0.1834121275439893	0.06634684344206083	0.01802442279458474
12	12	0.42551067498743195	0.004331162391763168	0.4578666425531779	0.018713633560684863	0.0029265089523847197	1.716532465337005E-4	2.2088074504127324E-4	0.08322484342161905	3.440630144540733E-4	0.006689937126909393
13	13	0.35858299221827117	0.002721014208329593	0.43858387455766834	0.030317836400844383	3.324412598825739E-4	1.5291237545418857E-4	0.001334042968127862	0.15147334938764995	0.01509110859930497	0.0014104280244670749
14	14	0.166101335886183	0.030025880648518553	0.04541313728003385	0.3257732189415048	0.06351862647913452	9.190801290088477E-4	0.001182658107245572	0.0012947648880108932	0.001842210887922468	0.3639290867524375
15	15	0.017444088324602647	0.07174572502121172	0.07066764816651724	0.07684078890203579	1.801852263423979E-4	0.06603891693113088	1.0664800404065861E-4	0.006897284621500482	0.6886978424935498	0.0013808723090683035
16	16	0.019729286268918084	0.06699985967012863	0.1492160876298741	0.23382384380665425	9.155021594197898E-4	4.211017909743443E-4	0.3481852367269906	5.932320763153337E-4	8.440594892342845E-4	0.17927179038149052
17	17	0.024920394029652505	0.020306594884460665	0.44192311923457556	0.05240414746281921	0.40719882434374044	3.253256845599138E-4	4.1862406355680645E-4	0.010136676497652302	0.0030716776987370414	0.03929461610024542
18	18	7.387688561546351E-4	0.17368327395490027	0.18663944954766845	0.24589203326052322	0.2203156061992506	0.05954820562695368	0.0028942396415980094	4.6735279211636835E-4	0.0796202344203145	0.030200835700520155
19	19	0.01693561796981408	0.41181148919797744	0.2733294273042077	0.10143765527852662	0.05003524386908246	1.712160764433908E-4	0.010407602138861764	2.4120265148258615E-4	0.12386400449018514	0.011766541023418875
20	20	0.555831525478044	4.3701568011022515E-4	0.08866108923370103	0.34137897740995427	0.0014386325764335639	1.49678089968807E-4	1.9260345316086974E-4	0.011343089356372484	3.0001585098062813E-4	2.673728712740451E-4
21	21	0.010396459028738514	0.20968820335880745	0.4229571430162016	0.16492478057443952	0.14692895097888548	1.6842786490880966E-4	0.008985443590778172	0.017774701159790414	0.011611657886480973	0.0065642325409692
22	22	0.09550678345109485	0.010628700832259587	0.23707795867333598	0.19623917527918264	0.0066733850143029455	8.717848262808883E-5	0.4040562486865214	1.2281370767818048E-4	1.7474118395228509E-4	0.04943301468904411
23	23	0.0978888667322921	0.0684970708394243	0.08658532609606087	0.02459535203986938	4.3159061091475507E-4	0.0061043837700569415	0.43433659018261056	0.14940277729297993	0.12146816079274561	0.01068988164304562
24	24	0.23177427539098278	0.04424715848824336	0.5103053132798463	0.014195256176051779	2.008621198693797E-4	9.239016811222481E-5	0.01729756068131438	0.15405107871940185	8.72334501829419E-4	0.026963770474348545
25	25	0.02666113559312628	0.020535551977493245	0.3265209959553385	0.059937966360549266	0.44425166568745195	4.319238051707491E-4	5.557928778728127E-4	0.00382088811966153	8.657512131140818E-4	0.11641832841022146
26	26	0.03695134278132778	0.06010531315229226	0.25013484703076544	0.01849203055085797	0.1767061039421845	2.5743176669073225E-4	3.312592192235441E-4	3.6266001412654146E-4	0.0100891736935414	0.4465698378489899
27	27	0.005247111549686391	0.045925013794703054	0.055094516944968676	0.1295825736862282	1.6493504587519818E-4	0.5851936522800905	9.762172957242829E-5	1.0687550948401792E-4	0.16716736308954055	0.011420336369851075
28	28	0.4067272152622129	0.14955851687341076	0.3666919874595981	0.04005627136401758	0.011112588021707535	0.009755164865588853	0.0014877480613159392	0.01022776490819371	0.0023174454732526233	0.0020652977107019615
29	29	0.09417690783969629	0.010724241546376054	0.07445896874903099	0.3692202277570842	0.009009776417890775	0.23289064214369076	0.015579896902969941	0.05595853651885375	0.13784798120316627	1.3282092124097125E-4
30	30	0.25290281538208353	0.0481741132376154	0.4083161814191644	0.031852613583625476	2.851021706737092E-4	1.3113790442336002E-4	0.012848051989870844	0.1923249908968259	0.03830077105126638	0.0148642223644511
31	31	0.12030178757495105	0.04303568475532188	0.4697481181267998	0.018504797827580587	0.011199439272495882	0.04277969434643056	0.0011633667964044054	0.2620165822912033	0.02704522336101141	0.004205305647801216
32	32	0.003270680664549105	0.13942507381759425	0.0720969947494039	0.11744049094831818	0.013320941466946049	0.5238818628529175	4.3548313128014487E-4	4.7676354159172904E-4	0.1290471694316047	6.045393957943846E-4
33	33	2.923164805732177E-4	0.45826017789288065	0.014296315259393821	0.07679274771692318	0.016882198516311647	0.011846666876973293	1.6891097305099943E-4	0.014829173599195321	0.40249187615924253	0.0041396165254553785
34	34	6.590852696140224E-4	0.04048615980649879	0.10047180792312944	0.07408935027266632	0.6654130567656553	0.06193023346105879	3.808431669530872E-4	0.020227959001892063	0.03361159247593613	0.0027299118565959897
35	35	5.511166075810954E-4	0.759061453104832	0.03431596041173584	0.12453369893530299	0.04655374874826723	0.02233502143833294	3.1845499189284366E-4	3.486420457345504E-4	0.0115398232439481	4.4208047237255386E-4
36	36	7.791395028673104E-4	0.1181197681697571	0.2983236560131199	0.13702641028222165	0.30001169580352516	0.0029520588226422052	0.044687325585074995	4.928916792845668E-4	0.05014277040635634	0.04746428373515074
37	37	0.00393046519736266	0.009932982448063987	0.07316186587337885	0.15030730997747077	0.017275412593256434	0.5363334233124274	1.2832100760138215E-4	1.4048484005525815E-4	0.20861159902288667	1.7813572749655462E-4
38	38	0.0016515700759622534	0.002165381980926411	0.2627993529689422	0.025694649366077602	0.3932441954281595	7.416444162282437E-4	9.543365739956045E-4	0.006560741281346061	0.0014865574561120998	0.30470157045225
39	39	0.27101766108171693	3.00290821737499E-4	0.5351851169035216	0.022686772782451032	2.236019340602256E-4	1.028497572935958E-4	0.004721983184466861	0.11794559192360922	0.03156867712605879	0.016247454485084332
40	40	6.119396999178853E-4	0.1765662209218791	0.19751695891425602	0.005432848145819263	0.25198067738194346	2.747940690606574E-4	3.5360076160939125E-4	3.8711936078639187E-4	0.010769630835959275	0.3561062099087685
41	41	0.056382281001323885	0.11078452020618601	0.21098323097377522	0.22581355837782663	1.8051904842996164E-4	8.303300414607196E-5	1.0684558660647734E-4	0.37497198868142817	1.66431956765037E-4	0.02052759116351252
42	42	0.3732265477294527	0.0012760719202637718	0.24067200751009776	0.025344485827801088	2.6785955302228824E-4	1.2320685030252552E-4	0.005656607177777728	0.021249490701510488	0.054311277355612364	0.27787244537415934
43	43	0.002315044502372142	0.16816994627495252	0.13476677661327036	0.04393118214107878	0.5670700812298697	2.3954477405756163E-4	0.002089844072032001	3.37461503917737E-4	4.8014528547109887E-4	0.08059997360297816
44	44	0.0038038089928620973	0.10828395592956966	0.06338500633929245	0.11825100676579484	2.5861723702410504E-4	0.0797443462757484	1.5307033045383955E-4	1.6758020602373712E-4	0.6257401150884003	2.1249283483056928E-4
45	45	0.25262569064447304	0.013861763269372378	0.6016064589292891	0.016043888813652752	0.026285759720330207	1.294959852317889E-4	1.666334326641216E-4	0.042559688103843786	2.595626936179273E-4	0.04646105840752495
46	46	0.29661243212816457	0.004334265558769247	0.22609790171535227	0.13899553000242446	0.004022229784821211	4.184804942344406E-4	5.384942331026401E-4	0.1779978493235987	0.150235276946999	7.475398125334299E-4
47	47	0.21774805616590068	0.011488830165819095	0.15457072711181347	0.05979914635495659	0.08226519257801534	4.553269580904221E-4	0.4374405523228356	0.004027917294443991	9.126606628557821E-4	0.03129159038526893
48	48	0.0012206543880864497	0.005677167912174546	0.09638937078806165	0.13721667694646963	0.0011916911854570208	5.481399331732077E-4	0.640756924183504	7.721985459033621E-4	0.001098695664420198	0.11512848045274986
49	49	0.11187085427515081	0.0011174953985350856	0.03029841183706999	0.06734626472240444	8.321071252529879E-4	3.8274273536243483E-4	0.7121497085967221	0.06601165581446597	0.009307058733391717	6.837007616442919E-4
50	50	0.057901468893781796	0.004572140748568608	0.21334829564923066	0.06623110011109586	5.586035626575055E-4	0.00407889241206921	0.6194869459946537	3.6196697943615064E-4	0.02535770388729946	0.008102881761207154
51	51	0.0010996167509386486	0.03816689509994701	0.11621173996082093	0.046487664800142076	0.0010735254813024682	0.02252889664780312	0.004307916291568316	0.004368147084125121	0.7648735357462351	8.820621371171428E-4
52	52	0.0028840318782576164	0.15351020224105255	0.40969094544785295	0.06855481197146679	0.24243581592646288	0.03152475099704596	0.011505202484353444	0.0027460612769594464	0.07684693445966377	3.0124331688465407E-4
53	53	1.3989565141960078E-4	0.1781964508485644	0.005440195918106258	0.2988648443062708	0.0071449633867260425	0.1920926279159128	8.083673749954552E-5	0.022515338226922987	0.2954126291316133	1.1221787696416479E-4
54	54	0.051455621832448915	0.0024338853412648916	0.46898339706531045	0.010281015814466587	0.36760685809644555	8.336069520245189E-4	0.0010726725439393948	0.0011743535496160616	0.0016708878309919888	0.09448770097349163
55	55	0.044321942937092754	0.09943482038995832	0.17153402336781484	0.08104390906529867	1.5936015987963058E-4	0.09438758167844773	0.014268722692866893	0.015913171454981757	0.4575439290504282	0.02139253920323128
56	56	0.007815606389768652	5.361613623278612E-4	0.016033468737454815	0.4487974113476521	0.0093529361997979	0.2098856431329218	0.0023767110320584094	0.0019980091697953026	0.2842457817469737	0.01895827088124948
57	57	0.02196923551454135	0.08361251119878763	0.0038829199147069108	0.12440150642646162	0.010140295102674762	3.176400886919929E-4	4.087343575612998E-4	0.002809910513572366	0.7164533704222409	0.0360038764607611
58	58	0.02775008621845762	7.618349453607353E-4	0.3641495432841839	0.10413159378812163	0.3751116646257539	0.017726729358745103	3.357592138984373E-4	0.010070809077293215	0.004404296687244484	0.09555768280094094
59	59	0.059520365124327256	0.002214740453622848	0.015406575759864304	0.48103466713346954	2.7058701290915826E-4	0.1871108167208407	1.6015499956277725E-4	0.0011010114729714975	0.25295875352207714	2.22327800354791E-4
60	60	1.3341291966075165E-4	0.16904771965726542	0.008307121227187441	0.21728816695156888	0.018398808968582005	0.25938436966349776	7.70907819951943E-5	0.02592772945687112	0.2964272412369449	0.005008339136426412
61	61	0.003302372050074869	0.02067028336964509	0.035392602499535235	0.1546163684843488	4.1981363656051876E-4	0.650781540792633	2.484792306065705E-4	2.720331270874596E-4	0.1325153893926526	0.0017811174168559604
62	62	0.001091598917169	0.5555836963072376	0.11171864425843707	0.11541776283498291	0.0010656978915088262	0.01871888754273658	0.004276505205214937	0.015273517129674691	0.16868657911217486	0.008167110800863405
63	63	3.866982530567449E-4	0.07283107012001218	0.022786746038733888	0.23977785951399744	3.7752283045634245E-4	0.5477701637784226	0.0015149493701711557	2.446293001755388E-4	0.11400016918756233	3.101916074118888E-4
64	64	3.882023444557716E-4	0.10034136864152081	0.02287537676943346	0.2705305591052358	0.025012958722328893	0.4850745260294733	2.2431727288903112E-4	2.4558080389564993E-4	0.09499571219020185	3.113981205654149E-4
65	65	0.0010004173737354352	0.05477101995151734	0.25942364900456266	0.1792835173443391	0.027706363673386736	0.2911345529739521	0.007260498081167137	0.003974084816605679	0.1713021973597099	0.00414369942102387
66	66	7.244686992907037E-4	0.059020075413039545	0.20964223606310226	0.11047436825568754	0.046679536921349615	0.48666342482483216	0.007677401662665348	4.5830636550758135E-4	0.07807904622285863	5.811355716665398E-4
67	67	0.14331690123981675	0.08458537045248479	0.1367920871674776	0.1064769361645867	0.021939091042496583	2.3997230909745054E-4	0.002093573986709593	3.3806379890875094E-4	4.8100223981119663E-4	0.5037370015986106
68	68	0.03767263630592367	0.11398281636945494	0.0032083449048775432	0.10474139120265437	0.008378633822293747	2.624568578609815E-4	0.010097770264935736	0.06869005302246045	0.4982883570711686	0.15467754017837002
69	69	0.6612435823530088	4.666247482982965E-4	0.06970654776175465	0.18858864186704605	0.008667985511901075	1.5981921069708126E-4	0.0037715936126944956	0.054902904922250445	0.011018164953326923	0.0014741350590221113
70	70	0.005319100789906237	0.05072835397264117	0.07631668725807428	0.15005871565692602	0.4719432864766927	0.008737283145352975	0.20128726126979457	7.753595018205994E-4	0.02975734112111791	0.005076610807673551
71	71	0.03698415050602228	0.12571603703579604	0.0799293311665414	0.11066886188623772	0.008616774003050151	1.5887497943228233E-4	2.044378684007577E-4	0.02267467749699636	0.28272664289861643	0.33232021215890656
72	72	0.00400758749713795	0.0016914615657252943	0.1477525642394112	0.1757069485417004	0.022218480192724634	0.02809991384242979	0.05729798484137284	0.009947148084946716	0.5493422768889749	0.0039356343055763346
73	73	0.0010278926184119589	0.1352336125980183	0.03997220192473264	0.012558683188390303	0.7493915631056642	4.6157945825174974E-4	5.939533139816102E-4	6.50255463814627E-4	0.03525492073864872	0.024855337590085718
74	74	8.983623698558076E-4	0.12119246699837943	0.40998077681686873	0.016976827299774698	0.3909245597481277	4.034133610497551E-4	0.006519837053785287	0.006569044268474802	0.04581408698299816	7.206251006855079E-4
75	75	0.0026728316643109284	0.18527713034739696	0.3145947917241747	0.2611416389247574	0.06310911551338605	0.06757520179979708	0.011825061335123855	0.010681730047425095	0.08284331564218425	2.7918300144372823E-4
76	76	0.0036989596989110782	0.06943658670984439	0.1441635640225855	0.2950765690934355	0.24564218432411136	0.13132766774870527	0.009032393851163863	5.391933077945537E-4	0.09755255167716624	0.0035303295662821796
77	77	0.0010606636841516014	0.16079963603052488	0.14043440639325608	0.20070744783501868	0.1214778480356585	4.7629544171100084E-4	0.35839752159004057	6.709867777384035E-4	0.011581956340081363	0.00439323787181882
78	78	0.10040264083163299	0.10267955469940951	0.40535903329312106	0.014857349208498825	0.006844732898405321	1.4625889628689564E-4	1.8820368756859636E-4	0.006732800658573038	0.011171090272185444	0.3516183355543184
79	79	0.016105636930071686	0.00339796561728098	0.015225494326614566	0.43143644833582395	6.869282822746044E-4	7.146933478408163E-5	0.1664669243259874	1.0068326180407896E-4	0.19575342872760343	0.17075502085775524
80	80	0.09254465436278586	0.11072031401760149	0.01727710852455367	0.27315658471484394	0.022571411770914148	0.004266411678531904	0.08829433601394858	3.786077180510607E-4	0.16644155971609534	0.22434901148267397
81	81	0.0017522139652497196	0.07802570705355286	0.046973979527263614	0.057653488010827404	0.003270850389589636	0.10449989682526402	1.3184122544080627E-4	0.01233674037498723	0.658595055236531	0.036760227391293865
82	82	4.742928786317874E-4	0.5819686357569814	0.12299145586817414	0.16895213308600843	0.06699318916354428	2.1298319109417226E-4	0.001858114672306141	0.0066362473362034284	0.0479484408541794	0.001964507192876902
83	83	0.6406901774376186	0.005003968356921563	0.20713301444212878	0.09579212949754634	0.0010503802380869122	4.831414048687558E-4	0.01858839182791379	0.02583400121637544	0.0045617507289023446	8.630448496373524E-4
84	84	0.03512690044983896	0.19055322418607867	0.1396722861195689	0.08541968071250662	0.003455960066743565	2.027079961139212E-4	0.007798991393503864	2.855672618778021E-4	0.027543648935889856	0.5099410328778778
85	85	0.025763205660852165	0.030117960028758644	0.10086490947189793	0.04175497214081843	0.028568943994986995	1.8929482794511693E-4	0.05092691059139196	0.03968703825136058	0.39880670414392855	0.2833200608880596
86	86	4.8270378113744554E-4	0.1521742294572872	0.02199544043828207	0.080056158658902	0.04883551231117746	0.5032050842522386	0.001891065665368031	0.0019175054511236206	0.1326301248885949	0.0568121750958887
87	87	0.0077846718290920745	0.3700801358327925	0.05548436577281809	0.1478532105699902	0.25763930217145264	0.04188803064608636	3.132655429307513E-4	3.429606774142582E-4	0.06204952606614734	0.05656453089127581
88	88	0.15120614737777463	0.0015498589712116962	0.14466902375266724	0.10524681558736336	0.005102054013944261	5.308274761982828E-4	0.04411107395250475	0.004695810633993944	0.012907998093281126	0.5299803901410607
89	89	0.01210223914799469	0.08402359439103661	0.28795208657844595	0.12462772735931463	0.04358223958260865	0.020795637069680916	0.21861124067534998	0.03364130602067048	0.17442760050764466	2.3632866725340916E-4
90	90	0.0010532019126916262	0.1280108998604797	0.2238664776485865	0.10432293939632693	0.4231283500940544	0.0039904458533332144	0.00412607908539246	0.01825377213996833	0.043157987610924764	0.05008984639824196
91	91	7.073536238264384E-4	0.00801470892069016	0.11019232936828147	0.10550205585693725	6.905698179125771E-4	0.18222485182036402	0.09490598720518313	4.474791923818202E-4	0.4967472575515201	5.674066429029097E-4
92	92	0.013173453031089048	0.5288906601474693	0.08134179522903186	0.17753135375448265	0.002660900776732419	0.0583002333032068	0.007413778542198217	1.530880154284684E-4	0.1303406205612375	1.9411663912367673E-4
93	93	0.012942767292382085	0.006726946145688743	0.07433879018731185	0.058569587475496426	0.055027584249033666	0.07064607854155366	0.011757444780530188	0.011774703048804847	0.040271277372689866	0.6579448209065086
94	94	0.0773146033516176	0.0012490521479841012	0.6352154969523804	0.04345710814059946	0.09956422894388703	4.2780098813512027E-4	0.05782193677945728	0.026056647017089415	8.574874086946147E-4	0.05803563827015488
95	95	0.1869323838754417	0.011028864990840883	0.23369433247512522	0.012917122212655941	4.3609779732398254E-4	2.0059107627826966E-4	2.5811749717344486E-4	2.825850262843819E-4	0.09737462346769436	0.45687528158118185
96	96	0.03050413478583182	0.01417748056124666	0.4122298757510803	0.015287773744989323	0.3021082738922726	5.618839345840652E-4	7.230235640971934E-4	7.915605687410674E-4	0.005305226218075134	0.21831076697908183
97	97	0.22109887084842417	0.007556601201092477	0.5352627045815673	0.0354272827356197	0.0013209882326151098	1.3743814700711428E-4	0.006309986879398193	0.1146787780510249	0.05138492865116285	0.026822420672088194
98	98	0.009541349309119783	0.018961953923948706	0.027889606370600166	0.5430323723680957	1.711142227571747E-4	0.09373946985896815	1.0127905983448158E-4	0.0036231581302290914	0.28231080891025595	0.020628887846190845
99	99	0.0033456161398422997	0.028215878331978087	0.14934482426352183	0.009687652460747664	0.0018802951475772698	1.956295101871542E-4	0.007526653587989429	0.5502595895006538	0.21863973793320757	0.03090412312429488
100	100	0.14770154947695857	0.019711334504148068	0.32124384747854773	0.016270497929594167	0.021461779453028487	1.238879947369777E-4	0.0029236483374025807	0.4424515175017762	2.4832199672673443E-4	0.02786361532708059
101	101	0.022484515085111356	0.05636332508163039	0.48521813575049255	0.028141515594101715	0.04675673300002098	1.4193578794611267E-4	1.8264077856169442E-4	0.3221701227980909	2.844971245566622E-4	0.0382565789994877
102	102	5.115690506260328E-4	0.004087814337910704	0.05748168416144427	0.07117507370221571	0.17989684143214651	2.2972221126671237E-4	0.0020041497599712177	3.2362385362973747E-4	0.020963018090829573	0.6633265033999596
103	103	0.009772245442955898	0.07079675972999204	0.18190104083837508	0.08972691413675618	0.09458418024151864	2.479375672250389E-4	3.1904223006720396E-4	3.492849495157896E-4	0.002340990373860292	0.5499616044897339
104	104	0.028437954411490215	0.020763582440747136	0.0015952861938475992	0.44905514740111335	2.8371857277590534E-4	0.0030422953136852917	0.010844504645787872	0.026389989887752496	0.4574132079070857	0.0021743132257144525
105	105	0.0038756882307383403	0.1574139771326933	0.15615160494078037	0.14774873999351903	0.5246858729149078	2.2662462115369836E-4	2.9161706041660876E-4	3.192600873060053E-4	4.542480371225918E-4	0.008832366981362319
106	106	0.01778873187051909	0.2391794206450612	0.12601686613552807	0.01917359978435849	0.035984603324197575	0.0282596490506524	0.0312177780070674	0.059995215722118064	0.39586237335990715	0.0465217621005906
107	107	0.0037677290550208013	0.12681220729825052	0.20751289641410878	0.14035601127712072	0.47729933447877715	0.02152156518507951	2.8349392573873215E-4	0.01833450435266563	0.003718710630418363	3.9354738281979746E-4
108	108	0.005548716632264776	0.10252207653490295	0.049012567741640714	0.1415126240576575	2.5747824779905103E-4	0.04944491700451228	0.003675716558791818	0.11995973484315924	0.5243312910217536	0.0037348773575181828
109	109	0.002902232423171566	0.4157460445248331	0.11819319853511785	0.04626857191967638	0.028136460652361247	0.014053460720227545	2.1837166394827142E-4	0.11635776950143975	0.256558585896552	0.0015653041626723316
110	110	0.0016159168673613368	0.061484161282479195	0.6295099255502196	0.10069608903388043	0.09332429456989695	7.256341945220381E-4	0.027918064143503372	0.02260970908415861	0.0014544664514060883	0.0606617388225724
111	111	0.5859896669742723	0.0019122353258798634	0.1979788180960709	0.15421029918629592	0.055005909178021825	6.549415597087641E-4	8.427686780661245E-4	9.226565872167107E-4	0.0013127696205874485	0.0011699347938801696
112	112	0.6755680372402622	0.0012610895523307952	0.2172990422127513	0.024601451914418107	0.023425902738071838	4.319238051707491E-4	0.023042665707229005	6.084777154677883E-4	0.013715392829889048	0.020046016284409194
113	113	0.5960738001311787	0.003236533734127459	0.08775144141954597	0.11260570402258774	0.010654498400303476	0.025842066353559484	0.01791545385395988	0.001561632676233389	0.0022219143766806005	0.14213695503182336
114	114	0.013756866695872004	0.0603232332902931	0.5928193641828514	0.006063811015669322	0.023690511265448067	2.2286815915071976E-4	2.8678330316067336E-4	0.2721554676751886	0.015364849630131436	0.01531624478223475
115	115	0.03862311651629797	0.016265487965127917	0.3138931022332552	0.008097177565922549	0.03487568201501847	1.257417508346622E-4	0.040375299605104595	0.5042486498628599	0.01895598980135767	0.024539752684221098
116	116	0.5332638677419165	4.809157229685348E-4	0.33155215316013364	0.03265771231350274	0.007708402834278669	1.6471387670058567E-4	2.1195127117574738E-4	2.3204260149772078E-4	0.013805711680377176	0.07992252879744878
117	117	0.013665309786780211	0.09161880210128932	0.02169777635022448	0.12508614504611254	2.069777579234991E-4	9.520316654269565E-5	0.005078985493855224	0.04615857135683478	0.6870172751236662	0.009374953816771104
118	118	9.77525580006682E-4	0.05295490338202064	0.09978510294602332	0.0727140463615758	0.00172446078521839	0.11595222890141726	1.3015514021343195E-4	1.424928341589545E-4	0.6516770034474931	0.003942080621872376
119	119	0.02636124400606026	0.028250982410253093	0.07391783476781977	0.4190933164692696	0.31023466598240623	0.12444948612345948	0.0035099351668994817	0.0038426496934776903	0.005467379575508676	0.00487250580484567
120	120	0.08414020450716077	0.18163729539129783	0.049471120561582954	0.481472480177328	0.0021766865980662104	0.0010012064039438685	0.04596685425428673	0.008856880793235893	0.14348879692104588	0.0017884743920517788
121	121	0.027096358716408055	0.4485662087059572	0.011895848074965453	0.3057802042222806	0.1935805445326777	4.389746386526743E-4	0.0038297163858821495	6.184106596534638E-4	0.007409585163857238	7.841488996653545E-4
122	122	0.0018635181355771862	0.3605265876272338	0.43115839223385066	0.06547931911890391	0.02766745212175811	1.928239523178063E-4	0.007418712499840521	2.71642999504104E-4	0.08499945522041386	0.0204220960906002
123	123	0.00465252945236515	0.14104401575280073	0.027367743530991168	0.3353408217018263	0.3662548384526926	0.025544720682269165	6.194729177476549E-4	6.781941273301381E-4	0.058252508544849445	0.04024515483712756
124	124	0.1177383146993639	0.028874202165772765	0.2725041292987873	0.0020235714953096406	0.062381699313889344	4.133345999984722E-4	0.11120142291766169	0.012878906659764221	8.284908752117447E-4	0.3911559279742408
125	125	6.739197520900041E-4	0.07966047097333546	0.10723473219812125	0.08926153984340558	0.10644404047523982	3.026264694413711E-4	0.02289709830334646	0.009429401876164768	0.007358891665710378	0.5767372784431447
126	126	0.0022201158190910094	0.721677457093201	0.08481843245688389	0.09851182199765533	0.07225839501885296	0.012189549590521548	2.956029915062412E-4	0.007157810927489644	4.6045686924985074E-4	4.103572355486628E-4
127	127	0.35311792644988477	0.015525674895382695	0.4032770881007018	0.05731031673109755	0.018229526268640966	9.322292013382854E-5	0.002893319919608942	0.12354594262241322	0.023760434604304225	0.002246547487832049
128	128	0.008768220576709833	0.10468596658159922	0.08409307266173088	0.1266520702501839	0.016721856960789844	3.5731421214730923E-4	0.2848128761070518	0.005818381600557293	0.011346225247680667	0.3567440158015492
129	129	0.5730790165397479	0.0337621710228985	0.2431277965115498	0.11414281744066714	0.01710635132575663	3.1540472270468595E-4	4.0585792315247355E-4	0.016864971430500447	6.321995176800801E-4	5.634135653422652E-4
130	130	0.5427280727774509	0.06652946177957725	0.2603627509536598	0.09916308683988864	0.025344419570170695	0.003128356276530032	2.53577788868793E-4	0.001743261562845236	3.9499476706533537E-4	3.5201768394330795E-4
131	131	0.14825601887346793	0.0033915751967641666	0.633458180459787	0.00265747517425978	2.922276391123833E-4	0.0011341227497169868	0.015168574006531895	0.10016009496720303	0.05325391311569234	0.04222781781746458
132	132	0.043663903414463544	0.2609013263704918	0.13834614985320026	0.06337721386631442	0.45351087826478254	3.601857993881204E-4	4.634815206161279E-4	5.07415960250169E-4	0.008758547400421538	0.030110897550071323
133	133	0.035805471571641254	0.014960629049655323	0.052993206417108	0.08813221142192763	0.026427580970892837	0.0026549825541103598	0.007425856021723454	0.02618676598086232	0.009991983883518667	0.73542131212856
134	134	0.24586389827966362	0.013064915202048602	0.33853683509760985	0.0013453155028235004	0.027166382017176516	2.747940690606574E-4	3.5360076160939125E-4	0.020824782575765203	5.507992284698697E-4	0.35201867726577274
135	135	0.004893153234057809	0.23638482406052527	0.006886640725565253	0.04843334609664684	0.004882617063786303	0.01206368450261422	0.08478960525487948	0.05218714839633539	0.5328093969226929	0.016669583742896586
136	136	0.07191998248121158	0.01207377904340082	0.011208084573744503	0.39729799634645113	0.002124599629447812	0.008976152061242854	0.03621901581230568	9.375606101140452E-5	0.38621606216969206	0.07387057182149216
137	137	0.01096900122905091	6.835677837889643E-4	0.11604467277818875	0.1561194294011111	0.02314553627667762	0.05073101798192455	3.0126496970101933E-4	3.298225432750111E-4	0.6412574698203324	4.1821721594976406E-4
138	138	0.0018915439022453775	0.015114832054292255	0.004065959133624548	0.3073941142686201	0.020798890841579303	0.01348422482296818	0.0010930020793573564	0.0011966101667123202	0.6334435129447672	0.0015173097858333247
139	139	0.004019322213801033	0.08163675107899906	0.011270317713764619	0.12576296804855408	9.041749370170288E-4	0.01588175138548871	5.35162922587314E-4	5.858922010395242E-4	0.743194884469068	0.016208775029680475
140	140	0.017363789927851554	0.0756731087620372	0.11306276612845607	0.02876489235685499	0.04144596462313153	0.03225402918081085	1.7365807910709637E-4	1.9011951295963035E-4	0.11670214859900682	0.5743695228297843
141	141	2.9432791278594366E-4	0.10556702608003586	0.04290172389904256	0.10189618993849484	2.873442169415533E-4	0.05616323909077809	1.7007325090687478E-4	0.02181222185630593	0.669688756172218	0.001219097582490415
142	142	0.0033359087513811	0.026683246820168153	0.01834287704119841	0.09090224007350374	0.0018748394244290363	0.1162560569968366	0.0031525274987123167	2.7479571518782984E-4	0.7388290648528754	3.484428257074983E-4
143	143	0.32260812747711765	0.09462708643331122	0.4459448821129654	0.008787693952160206	0.0703647005396661	0.002725137053795503	4.1560726286708007E-4	0.007661471050180851	0.012658165026144167	0.03420712909179175
144	144	0.3022240460880648	3.476228950937841E-4	0.5841210122748918	0.005895949672505863	0.0020298662379579827	0.009859670976513874	1.5320587576160755E-4	0.08163464826809301	0.013521296711757403	2.1268099935997358E-4
145	145	0.01192410439298155	0.12188804525536671	0.7072662400231879	0.0069246705383971974	0.12169827390361203	2.5450802665680683E-4	0.006006166865244213	0.011715880900166497	5.101377376926378E-4	0.011811972356694522
146	146	0.3881656395778274	0.001921595596993225	0.42900994264492304	0.017906917778292064	0.016115665034075	6.581474572671418E-4	0.005741830801794748	9.271729329216533E-4	0.006214132369237071	0.13333895580666869
147	147	0.2539798795069275	0.0016004062167093674	0.0678520389198054	0.12498639186007408	0.0011916911854570208	5.481399331732077E-4	0.004782099690936191	7.721985459033621E-4	0.005175457359885376	0.5391116967811285
148	148	0.14134651606050652	0.0024811635894707237	0.30555411550517514	0.020386188250495728	0.005488284859673978	1.394335307750268E-4	1.7942091270191411E-4	0.3849343707483416	0.0479828382882527	0.09150766825460681
149	149	0.0037415630636768045	0.2775542361779864	0.09687393083143445	0.22936919359567015	0.16208894846341237	3.8715103653178196E-4	4.981799710723926E-4	0.04085721790620162	0.18217917293681316	0.006450406017200761
150	150	0.0030550983162316915	0.2042166225787718	0.14825885725842589	0.06655207633204958	0.008024139507908475	0.024255404754767288	1.2294121753013787E-4	1.34595087770602E-4	0.545209597464786	1.70667481758516E-4
151	151	0.002213109667178173	0.09159818224475255	0.2856296282488955	0.07138782102649421	0.009551978115705467	9.938061067176613E-4	0.001278814340603033	0.0014000359836486543	0.04634027359618435	0.48960635066982044
152	152	0.1598213087075395	0.001040486545297363	0.06531695391817842	0.057404374516821725	0.0034252268454716714	3.563671644437821E-4	0.032264110489726876	5.020364135817054E-4	0.11468416638104677	0.5651849690178921
153	153	0.0352414149264139	0.1166179854289724	0.1119674830859002	0.062009623128661776	1.5537889348732069E-4	0.009107808944167906	0.013912249744036967	0.018173362480571723	0.5598647600468927	0.07294993332089506
154	154	0.004369084961045207	0.14705232241830474	0.05822541354298186	0.111455564383008	5.554193828332203E-4	0.10285997088957474	0.006028991299401199	3.599036772482899E-4	0.5686369691482918	4.563602973110243E-4
155	155	0.004868628091027435	0.2337375981682992	0.020418717422890833	0.0733829910917408	0.009088247442448967	0.004519347029370843	3.6632848868152403E-4	0.00463571542793231	0.3245222566146183	0.3244601702229897
156	156	0.013465441774327985	0.010625259218817736	0.13982032088798896	0.0740958091946067	0.2765246599213842	4.211017909743443E-4	5.418672772400286E-4	5.932320763153337E-4	8.440594892342845E-4	0.48306824836911033
157	157	0.484097387974486	0.03621211881531241	0.2998281805622432	0.10325152374556075	0.04681598189174811	1.6020005329289374E-4	0.003780581164913927	0.024055271779585604	0.0015125855546940146	2.861684581631319E-4
158	158	0.41364274783197524	0.1154427956759795	0.1749344003064946	0.004165186587764859	0.00374853744703141	0.001291659036839787	0.005889852111048196	0.224514456598023	0.008276855564143997	0.04809350884069946
159	159	0.004201255074795983	0.027134708425200483	0.03117956186739632	0.11852284165537329	9.451020198387546E-4	0.026300180988801894	5.593868380699827E-4	6.12412355110214E-4	0.7897680077664838	7.765430089291199E-4
160	160	1.813231780844405E-4	0.07896393277334368	0.06337072158991804	0.17722978369016834	0.003204951545497172	0.1799405093956993	0.009188567247331301	0.001325879203876729	0.4816041930659401	0.00499013831014093
161	161	0.22628742981097158	0.07488432540293266	0.29235864437077413	0.03301543517801248	0.26561889059060484	0.0016530187376643864	0.08184993362631696	2.759969331393653E-4	3.9269257296871527E-4	0.023663632776614926
162	162	0.004385587360763341	0.0013249329796616634	0.039297662895071125	0.46122715786473134	0.35874087662021786	4.537902111027661E-4	5.839302311193799E-4	6.392822707336069E-4	0.061660311900737855	0.07168646766586097
163	163	0.0015354233844016606	0.4672054416407414	0.22999560931473534	0.12484835273488595	0.05706336773593166	0.0048853719289816975	0.012020680242274297	2.238169866366371E-4	0.08066889830537889	0.021553037726032512
164	164	0.20961410635574843	0.020210923079596963	0.5205418806533965	0.017889292361501864	0.15268233765983977	4.2509589282627337E-4	5.470068257812886E-4	5.988588140434074E-4	8.520652960043971E-4	0.07663843306126104
165	165	0.004284367949172621	0.07383153599982054	0.06476782960899556	0.16373044394341188	0.014152377482850502	0.6598722484549215	0.0038675977726595795	6.245276278634276E-4	0.01407716590357058	7.919052567336802E-4
166	166	0.001822464378687453	0.09368989207207487	0.03435095280670069	0.21704096951872595	0.6226222796006584	8.183852141066015E-4	0.0010530854468117417	0.013326303040985405	0.001640377268919746	0.013635290652329171
167	167	0.05740665947694667	0.042969874867911234	0.10447874128062211	0.06504591100395914	0.03248473932635816	0.042701925925483344	1.7960717063512694E-4	1.9663253204677523E-4	0.15807188982297576	0.49646401859306166
168	168	0.030996595955643417	0.1446463928085255	0.20538499972882193	0.055532585771768846	0.02726660285744536	0.023396281173159124	1.610494764328367E-4	1.7631571291843904E-4	0.47032758262373153	0.042111593891553
169	169	0.2653975554366761	0.02789845250609449	0.2826987449061308	0.024099474034454588	0.22397279764913167	6.956016444142362E-4	0.06815059407096763	9.799369574026787E-4	0.02208827041261709	0.0840185723821107
170	170	0.034556604067506935	0.01861055037341944	0.4094711421134833	0.003610967361855006	0.2649162891026483	7.375759905589568E-4	0.006434783716769251	0.0010390688087723828	0.006964085004197033	0.2536589334607894
171	171	0.039563407420857385	0.1683123051576735	0.22039034575567543	0.07781185362338078	0.11644507186491548	0.02255643612113549	0.044978807971255176	0.1931928134724296	0.059093990990296774	0.057654967622380475
172	172	0.22070355453753565	0.017113738511372528	0.5949502488498458	0.009503416507539669	0.04653414498906442	1.322992244905358E-4	0.008041988348171871	0.09366338261860443	2.6518152675436384E-4	0.009092044886620715
173	173	6.184068370478908E-4	0.03883302863659754	0.01281330310533692	0.278530586130631	0.0011543774242175483	0.13262389239855046	4.653057037229316E-5	5.094130617129856E-5	0.5352643396702585	6.4593920816507E-5
174	174	0.022463608026589622	0.08789102887867568	0.003180548610834374	0.29674751864581816	0.026235127902159084	0.021919003376449326	0.001301291410390181	4.764798500479883E-5	0.5378898229786299	0.0023244021854489836
175	175	0.2945130029234834	0.010352642245683889	0.04512955933264615	0.2490996684222094	0.0032123393567546014	3.2271984936718277E-4	4.921760286572217E-5	0.039026455342803565	0.3104348873108209	0.047859507613365056
176	176	0.001403787402892486	0.14249228378218712	0.007705896851450041	0.5328744859542056	0.057631187265730736	6.303765756473749E-4	0.05707186720910994	0.02433001220048116	0.10909655576950485	0.0667635469887907
177	177	0.013811493976351315	0.2518291010794426	0.014917186748545558	0.3233556195044361	0.18404642294775891	4.319238051707491E-4	0.03589230732400397	6.084777154677883E-4	0.08117601131795762	0.09393145558086526
178	178	0.0047676805170200785	0.15424774955383935	0.40357981830587686	0.1568720584236974	0.07732298451452507	0.025159937152457602	3.5873292551038497E-4	0.008686456253993452	0.11667084889404271	0.05233373345903702
179	179	0.0011201862732902656	0.04636328146347175	0.0061491076630256145	0.2606066145775358	0.0010936069381953647	5.030243080889038E-4	6.47283906294975E-4	0.026897157759776878	0.6557211750455425	8.985620647778104E-4
180	180	0.054150563217615855	0.05226090360745466	0.0036687502064453306	0.5204849754693769	0.005390595059376471	0.0033377618215918435	0.077470959894903	1.2313305835935428E-4	0.28295622411394616	1.561335509304181E-4
181	181	0.008063046808121541	0.06781515643548823	0.5276123365326546	0.012877882175866561	0.002532123709993671	1.4852073324128794E-4	0.01455111022742477	0.35589528615583943	0.004716156357675505	0.005788380863694452
182	182	0.0024483683453541474	0.14222078623519555	0.07067968690171533	0.013559703120416941	0.6974438642558689	0.001099449995268253	0.001414755263849892	0.00154886304802633	0.002203745558283072	0.06738077727602163
183	183	8.219149656623635E-4	0.18774068940836974	0.19117486105025736	0.04298261223806058	0.547066404443974	0.02781953617272889	4.7493202005911253E-4	5.199518778903854E-4	7.397953246298897E-4	6.59302498367594E-4
184	184	0.019956490918925165	3.6781662350486653E-4	0.002476932236813359	0.4803351876867512	0.19047474768740463	0.014180228474111732	1.621057436637987E-4	0.002051372252164709	0.28977008254567155	2.2503583098898412E-4
185	185	8.877085692396927E-4	0.0990017429356865	0.1768304108387396	0.15908511672058506	0.42186593759914726	3.98629227543372E-4	0.003477733677963801	0.042068546062599424	0.009693366564043392	0.08669080780445175
186	186	1.91898379073061E-4	8.925043244875735E-4	0.008744264147171714	0.4702055195544903	0.07132784197787669	0.010340658803593958	1.1088578335569237E-4	1.2139689229621246E-4	0.43342476041549255	0.0046402697221623315
187	187	5.501040704321395E-4	0.07972285083050501	0.050788133507241165	0.1481891064491086	0.5443620640722234	0.057201673117676856	0.04257454319197079	3.480015042989664E-4	0.07398500833067641	0.0022785149258666773
188	188	0.004506075663564065	0.09875227528555727	0.5832801353079661	0.020886547066977082	0.059362619701694104	2.634855100175496E-4	0.021895303726621906	0.03956437855776941	0.10439008646455296	0.06709909271527957
189	189	0.003046183068222124	0.01416755876053531	0.06759006350042401	0.19999702297069485	0.30818468084032535	0.0013679011845983526	0.0017601941058400252	0.0019270468027596799	0.0027418310725384728	0.39921751769406183
190	190	0.005019708117998601	0.30487568064910203	0.1500756169636823	0.22312471554765775	0.005008899443731796	2.045583862427368E-4	0.04894777149230075	2.881740206274402E-4	0.2620894687711544	3.654066075021654E-4
191	191	0.07733302612966936	0.197853775988506	0.09473397025324945	0.025902648888316417	0.04457482779400621	0.03338405456600522	0.03507093171453123	0.02619752688717575	0.42595492109024613	0.038994316688294305
192	192	0.008661461056952105	0.5505246406029054	0.042133807422855975	0.1535258757681945	0.15027279785645709	1.8487018302751213E-4	2.378880946770586E-4	0.020884870825312207	0.06361881569822199	0.009954972491396243
193	193	5.115690506260328E-4	0.09634933983501943	0.007933827875959953	0.26594940530722305	0.002207977511788929	0.09249124770837545	2.956029915062412E-4	3.2362385362973747E-4	0.44297406990167876	0.09096333596419243
194	194	0.0012010685077424737	0.20214214950146206	0.2873874909115736	0.026708573215999735	0.47451168697235035	0.004550693260745512	6.940205695753732E-4	7.59808316146711E-4	0.0010810666598241358	9.63442084580005E-4
195	195	0.23986170305487073	0.06750834525223887	0.48542632681153475	0.03453291038362223	0.05852241457482362	1.0884443560253919E-4	9.495840575631834E-4	0.09001057977347872	0.022884860732705944	1.944309235594781E-4
196	196	0.09438136351995897	0.018509015792539607	0.3745026455876969	0.0035912668129566587	0.503524138157601	7.335519575472629E-4	9.439233232195999E-4	0.001033399905172697	0.0014703368731382924	0.0013103580701690014
197	197	0.006417706702240753	0.3611364610302076	0.060407622147513204	0.01579226325854704	0.037099031385973195	0.033867432332107185	4.828852713900785E-4	0.1400793560309982	0.26589850829040934	0.07881873355061336
198	198	4.0887698841050835E-4	0.06608363857767612	0.03092153025990203	0.4010121111916848	0.44011404266292115	0.007011478524290414	0.05349365459097573	2.586597967332087E-4	3.680250354500813E-4	3.279823719559874E-4
199	199	4.3628270128487156E-4	0.09819799220135193	0.034451205413260945	0.3652351870554871	0.4754418917763783	0.008938539612170409	2.520998318495012E-4	2.759969331393653E-4	0.010592421797277147	0.006178382677800474
200	200	5.08096623251138E-4	0.03290820854833042	0.06557625759178329	0.045237709207722604	0.367037132306523	0.0036220618995818233	2.9359649811390063E-4	3.214271602857253E-4	0.00385123037731669	0.48064427978709134
201	201	0.011889333009829693	0.012741634562205128	0.11568575449829589	0.2622155514716505	0.2680170361416805	0.001230225849488635	0.28522496134980463	0.03833205322286554	0.0024658736306002902	0.002197576263579236
202	202	0.07137863250451768	0.051233129216599914	0.05990330802749748	0.011492284535912986	0.34854364237054547	9.318192342726184E-4	0.3407865023390866	0.0013127112516407898	0.015728457559312677	0.09868951296061376
203	203	7.751055698147433E-4	0.03984690072938948	0.07673872577264335	0.3718896123825668	0.5003778194306081	3.4806438201272775E-4	0.008214015037865754	4.903397716620112E-4	6.976627760773615E-4	6.217541473596001E-4
204	204	7.279915852985066E-4	0.12738510644279058	0.23740660844065314	0.013757240768316728	0.4991391749071816	3.2690765118350586E-4	4.2065971376153955E-4	0.04422498484637468	0.00551797272296921	0.07109335292147036
205	205	0.056602987714209504	0.09845045505547372	0.24687255813463033	0.1226835949316322	0.2774704592278593	6.187723847514676E-4	0.19408387275313957	8.717028386969453E-4	0.0012402718635253296	0.0011053250960816406
206	206	0.0011592182526863827	0.009263009535663351	0.10315277519918842	0.3664766469352401	0.27988520460267863	0.004392128056165966	6.698379874298338E-4	0.03557751989104115	0.008786550322101107	0.19063710921780494
207	207	7.671617316329797E-4	0.40583017928383336	0.07339007280673333	0.024746177384883043	0.43119510271223943	3.4449716841599727E-4	4.4329363272133186E-4	4.8531441775944936E-4	6.905126272274143E-4	0.06210768823455356
208	208	0.015858207598040783	0.1920355515560926	0.036158754489352345	0.34251736625044443	0.3504124726985517	0.004637168061480632	3.758788065365538E-4	0.024309344888293862	0.020138276105815443	0.013556979545391595
209	209	0.1544255941977495	0.0024794168213294688	4.7037578441207136E-4	0.47260227259277876	0.01629206434929273	0.11191644268998525	0.1945292909362607	1.3843140752401408E-4	0.04697057925951096	1.7553196115653973E-4
210	210	0.0015764031398770501	0.11208708363627211	0.23856041058041375	0.09785146744329015	0.045241589413630365	0.003802599041838187	2.0989422261685403E-4	0.4636573894719701	0.03308230330356336	0.003930859746528099
211	211	0.04596489051250372	0.02942568928557904	0.014255988091594188	0.5261238401315388	0.0025353999868213003	0.0011662031206604924	0.3137493121285844	0.001642902294654442	0.0023375460077967114	0.06279822844026688
212	212	0.0014043314135877062	0.5429552751219742	0.15956421920021543	0.07852461264409748	0.15702307896381157	0.05742448103110799	0.0023484614267266918	2.0470785349596202E-4	2.9126140200855206E-4	2.595709429744726E-4
213	213	0.2718219976321103	0.006640205910905132	0.16269881306271614	0.0844767011519013	0.014087989938573044	7.204375700914388E-5	0.2974737059108682	1.0149248583627053E-4	0.005502621266318467	0.15712442888376202
214	214	0.060069261021132234	0.21081267734216894	0.14999950765646977	0.03749549187340717	0.07991542988937131	2.2249935087516917E-4	2.8630872637097653E-4	3.1344856452185523E-4	0.03850700324088511	0.4223783723347975
215	215	0.009283333522351443	0.01067359229304234	8.18539638129224E-4	0.3238720693209474	3.7176126888915147E-4	0.46564649708372263	0.18335793915344617	0.0053280598129822115	3.427502857388494E-4	3.054576207505544E-4
216	216	0.007295894615810324	0.21617875434742845	0.1079999950452782	0.20644791153100328	0.02764723267856374	0.015500708386560398	0.1479282028362762	3.214271602857253E-4	0.2685753520871249	0.00210452131166877
217	217	3.654586877819745E-4	0.29463531115403263	0.4243216125857221	0.09600750787901442	0.12241328365973811	1.6411074473947847E-4	2.1117517028853576E-4	0.05759774625466401	0.003990639661977216	2.931542020415988E-4
218	218	0.12315554156356534	0.04513567680607908	0.6382838310843579	0.004537127724889941	0.04377109197697211	0.0026472454286386843	0.008896290425706301	0.07961055881325503	0.03010011277233045	0.023862523404205138
219	219	0.003564157806536182	0.11306755381812308	0.4299483860616644	0.11991969251522319	0.05827135612925895	1.1146112105352596E-4	1.434264481365624E-4	0.2637746271306679	0.011000233809872204	1.9910515946399264E-4
220	220	6.785011991100651E-4	0.13458768786087602	0.04677985932947228	0.5181554969995399	0.15022299007212164	3.0468378729310927E-4	0.11142946869099207	4.29226851154672E-4	0.018739266527765905	0.01867281868167429
221	221	7.432494709031411E-4	0.25819049672395455	0.02095965462004214	0.15366891865602847	0.011034944473113746	0.12877388955585103	6.709484414732699E-4	0.020699859981671166	0.4051206588485547	1.3737922840786554E-4
222	222	0.008698120358662562	0.0331636843115636	0.18742661263498545	0.005377892369294242	0.26157033213334496	2.720143997151559E-4	3.50023926050489E-4	3.832034690646148E-4	5.452276390387834E-4	0.5022128887582801
223	223	0.10290740579577268	0.013317975999798852	0.03152825812183712	0.42934780244458565	8.045315523796657E-4	0.13081952685376824	0.22796157124363822	1.1792040451393511E-4	0.06304548371311212	1.4952387059354887E-4
224	224	0.011032165180295555	0.2557416291582008	0.4687585010119874	0.048728708521436806	0.10805941636215052	0.03075193187616994	2.2998265821451132E-4	2.517832236410893E-4	0.04954122330593326	0.02690465870197018
225	225	0.5492897414303167	0.001065913001432135	0.17009190490718337	0.19728397401647266	0.0035089293984087097	0.024802158802794384	0.046628708495734916	0.0059447676223109945	7.317604624971788E-4	6.521418628488635E-4
226	226	0.6218331339153064	7.069568671027255E-4	0.15243061436058536	0.09663057038687828	0.10857753051805864	2.421330821163637E-4	3.115731083274445E-4	3.411078131873179E-4	4.8533330894883934E-4	0.018441046639488742
227	227	0.010088503718571668	0.15494706776101635	0.05072145551712709	0.07359373353327361	0.5716666095900851	0.02500406730484147	0.013655270464209501	0.011782791483140587	5.130511860041183E-4	0.08802744944173056
228	228	0.49085166050005197	0.003840059766751041	0.4063565951435376	0.023968117478964428	9.202591142153491E-4	9.574552164918295E-5	0.008668430757944021	0.06493618661783108	1.919130192077553E-4	1.710320798475468E-4
229	229	1.8165319806500915E-4	0.01904550536663244	0.0016038484667725362	0.22184060316213	0.01534455181663762	0.6091966780758277	1.0496574939195491E-4	0.018315566261435892	0.11422091403692336	1.4571386618347846E-4
230	230	0.009412051523366502	0.02150414518699211	0.009926316964065936	0.2519947489257064	0.027330811170835155	0.35430603772940844	2.5850315428005335E-4	2.830072406820928E-4	0.3007196903037939	0.024264687800869385
231	231	3.668018040746676E-4	0.05193304622731188	0.021614319407779622	0.1527126834903039	0.007708402834278669	0.7621462656314997	0.002662052723763526	2.3204260149772078E-4	3.30153691144395E-4	2.9423158834598033E-4
232	232	0.0029920317795274986	0.15978293773558397	0.14884801773848358	0.0038182842679186325	0.053632749641747544	0.03484851056513512	3.9838171373968954E-4	0.007343928365646057	0.032856875371732173	0.5554782828204856
233	233	0.08593289091915188	0.0015779064046382264	0.0024029738432812964	0.4739574618761898	0.0028307945435745467	0.35358242154624203	0.006709136098728397	0.021229023975292475	0.051618991889077134	1.5839890382419238E-4
234	234	0.7669441155304539	0.0014523809419275233	0.1873657942406084	0.0061350266503625035	0.001081468909799358	4.974412022012069E-4	6.400996519157448E-4	0.004400468686761463	0.030594615331380078	8.88588854589655E-4
235	235	0.016748284264461753	0.0028593503225486684	0.6529377972224608	0.09219900591414014	0.1696543831965866	9.793289218428733E-4	0.0012601853228255244	0.001379641080025472	0.016530387887772006	0.045451635867336165
236	236	0.007000781988553927	0.05175672470452924	0.6973237477362366	0.02685857923511008	0.14278241335704586	0.0066507598141228655	0.017341693996242816	4.019045422071519E-4	5.718358061879117E-4	0.049311558819763575
237	237	0.09299476810045	0.037556869818042946	3.433891385777143E-4	0.48373353813634185	0.0028236321369797413	0.12118408788441742	0.13827776757132193	0.001701663053859336	0.10898484475982304	0.012399439400186035
238	238	0.1302267601317946	2.686443311723202E-4	0.12909364980583715	0.13526259949772576	0.0036216653097827286	7.763364024653514E-4	0.5722145863965161	0.028186970264814183	1.844271528368429E-4	1.6436070705500092E-4
239	239	0.10052347088713527	0.21334598788035902	0.07804682419345035	0.02571544816344193	0.031453376082443515	0.07129713115638246	0.01735992041923134	0.036793655765880263	0.3551891678581235	0.07027501759355238
240	240	0.08393129976017841	0.044039526511194145	0.4749659026331056	0.0861986982832961	0.2624632432275241	2.243557003707406E-4	0.005294598332698053	0.04036327079446142	4.497001958209787E-4	0.0020694045613504513
241	241	0.23554517085517715	4.274976763949618E-4	0.5920155902939417	0.04863182698051761	0.0024962771795727355	1.464181689150423E-4	1.884086371252178E-4	0.0971252541958546	0.001382459011051186	0.02204109700144986
242	242	0.009314631637153735	0.25195090943627346	0.37948598428542957	0.18284723148671836	0.12020284966642288	0.022378556060927632	0.01060637498892727	2.800779607991478E-4	0.022578243728473744	3.551407488742791E-4
243	243	0.0971865653210802	0.01689445620386622	0.015091952494712527	0.49125200989282247	0.0013318796940780058	0.25882339148374023	1.7831142744605648E-4	0.003287064402749144	0.11055375238744952	0.0054006166920556285
244	244	0.3355244353580958	2.686443311723202E-4	0.02028588193589753	0.24543901853584074	0.008411944398396423	9.201081837768068E-5	1.1839809922342078E-4	0.3792459949017892	0.009080659745976561	0.0015330118752303423
245	245	0.022398629225696524	0.09710224602896714	0.2037484579787235	0.29981244079775377	0.013226393641583867	9.319571743913727E-4	7.55424314601092E-5	0.3306081380967953	0.023695443547661833	0.008400751076966482
246	246	0.31098049404973227	2.6754580055491056E-4	0.03792263853159728	0.22262650576349527	8.807466685616657E-4	7.731618359156079E-4	0.020563731894813895	0.3156762148889922	1.836730000386474E-4	0.09012528756629827
247	247	0.05478233321467888	0.029499808440476005	0.17781693088084244	0.010384128869296285	0.10585604004412033	3.816563015409967E-4	4.911094309976918E-4	0.10556395767674222	7.649946636331598E-4	0.5144590404776719
248	248	0.009484859064646644	0.10455179406359888	0.04333537806261413	0.4514924687628169	0.2631683803079901	0.09074589585816	3.816833374278192E-4	0.00262394389620885	0.0028006230353680183	0.03141497361116858
249	249	0.00954034078060863	0.036942051536192996	0.005518176420646353	0.420507815822159	0.0019571822111297175	0.15013712926223002	0.024493703446590052	2.868647194274135E-4	4.0815542218006066E-4	0.35020858037883573
250	250	0.2528272692207396	0.041682221538298835	0.10612332300633745	0.08589307170239294	8.465662850859536E-4	3.8939348767251677E-4	5.010655225471613E-4	5.485626329471255E-4	0.021053157092389845	0.4901353695115885
251	251	0.3567313725688018	0.048635761434976464	0.2817441657681988	0.04805403035316496	2.3157321267491685E-4	8.987255603795628E-4	0.02865659720825836	0.08887749422088498	0.0010057112971185308	0.14516456837554173
252	252	0.016569497682171665	0.023430874826536975	8.670592351717433E-4	0.3996512988422681	3.93797717855438E-4	0.09717790834224536	0.06220324206944529	2.5517519036730255E-4	0.020570728325547606	0.37888041776839054
253	253	0.12699866697300166	0.023524923709131392	0.6299810163884788	0.01696535474370805	0.04267104068519914	0.001992744124274189	3.0391092805059374E-4	0.04775998941131406	0.00222996359111308	0.10757238944572914
254	254	0.023931787367227807	0.10698161413624604	0.2591044827565615	0.0010296583454588088	0.192857368265027	2.1031795582304472E-4	0.0018348625427038563	0.0018605165289236338	0.009806934722125817	0.40238245737990247
255	255	0.0511251617897246	0.07025684594072794	0.05395330124825381	0.32749975696517336	0.011134849881759308	0.004490821364505369	0.10977027660137065	3.985221673627608E-4	0.3372016705166988	0.03416879352442334
256	256	0.48944449793470046	0.005642123788517272	0.08256147032374235	0.21230633105658164	0.003812308171349088	2.2360945585551007E-4	0.13167133164921935	0.005304262860319271	0.012089788736860101	0.056944276022855046
257	257	0.014895924972296947	0.0022306330732194033	0.001030945478064621	0.04109971479571321	0.28398907286540614	2.1537130530636283E-4	0.009888012464339072	0.014719720842187136	4.316918090801592E-4	0.6314989123943869
258	258	0.2097248046941755	0.0362642317678633	0.04505896928692276	0.43825642135946163	0.0049185874678867115	0.02511892237191753	0.04547279366358357	0.040013840104947275	0.1526386398491065	0.002532789434135202
259	259	0.44088794235385753	0.0011994400530412526	0.2005654450461555	0.011177312460232345	0.003948493411836217	4.1080882069498693E-4	5.286224421442602E-4	5.787317339725788E-4	8.234281848254477E-4	0.33987977549323983
260	260	0.5338462564956327	0.01403357246658946	0.053255638742401315	0.2325712598526595	4.367493773856058E-4	2.008907823227498E-4	0.019681992227326948	0.0047653508729236845	0.018332041472573706	0.12287624771018439
261	261	0.23375724990482571	0.0012692442189999517	0.12170868658909817	0.13145557375847355	0.18200335146324248	4.347167826013616E-4	0.11695397576597238	6.12412355110214E-4	8.71349477367651E-4	0.21093343968430844
262	262	0.5325864782351124	0.0015837365219450099	7.31965299603716E-4	0.3760502530617577	3.324412598825739E-4	0.012662966925684605	0.012706819831973694	0.00703908321680786	0.013953830912920386	0.042352424734312076
263	263	0.4850479691201616	0.0040177419029105935	0.07925014911517198	0.24115979755817932	0.018560731862800696	0.017501675662762818	0.02942763035077289	0.03858931243748489	0.0011611730547721605	0.08528381893498303
264	264	0.2794896280872393	0.01477730934560395	0.45310262216777164	0.03382820155869565	0.016873481051384268	1.4835685602087147E-4	0.0068112808222887955	0.12268598343944764	2.973675600563053E-4	0.07198576911149164
265	265	0.5378299988940174	0.0086759452780243	0.19285999236406756	0.003275285224523315	0.0025525019609645406	0.0042158510668011745	0.002316869698663023	3.7412089416414873E-4	0.03410971772447545	0.21378971689429907
266	266	0.1954575444049111	0.08206159219347066	0.022359782873076276	0.08267761251528345	0.035456923267136106	0.20434950302218535	0.04677336979103644	0.16274193845431414	6.248703943746638E-4	0.16749686308421177
267	267	0.32360782737816307	0.036380106766824065	0.5148584666523534	0.004195517968644929	0.01647521659093615	1.2109846023969199E-4	0.0037584811411451205	0.09744224374765507	0.002944720768917653	2.1632052512094403E-4
268	268	0.6121619792902351	0.0014364378070749364	0.30605868002395603	0.006067680987535826	0.0010695973655164039	4.919806705052998E-4	0.07015559609643246	6.930835273712966E-4	9.861296303181573E-4	8.788346010544722E-4
269	269	0.22082451780172546	0.004502427244775019	0.08291049027979738	0.05385918113987194	0.010644651097163955	0.1976588813548804	5.593868380699827E-4	0.184903844824289	0.12049912143104512	0.12363749798838165
270	270	7.517527286237164E-4	0.10392499043753226	0.014169507401763265	0.1296992121321386	7.339154383809906E-4	0.012891158616708405	0.25903815681634773	0.1034149301104879	0.37477335474906814	6.030215689488665E-4
271	271	0.05253507333960769	0.0710388234489058	0.004991339385644801	0.3208642157171467	0.013034946751370747	0.0975862870693808	5.254117885446867E-4	0.1979679750959442	8.184269921880784E-4	0.24063750041126644
272	272	0.10547702745818871	0.03945581168057203	0.015017507014370518	0.5850388372823252	1.304799050423523E-4	0.050499853566987815	0.018378408212662015	8.454907963817197E-5	0.16483091577658068	0.021086610023632435
273	273	0.008198262563563378	3.1248131807673653E-4	0.13901506216998363	0.46060781849226734	0.005804628982296077	1.0702500841357527E-4	0.08292097208925037	0.26919634811064475	0.03364622041997337	1.911808455307651E-4
274	274	0.004744441859246814	0.12484621038044266	0.15585934092847822	0.25019154652953224	1.6710364006939925E-4	7.686234422008632E-5	6.705648873484993E-4	0.4379995424297955	0.025307086306614924	1.3730069425165237E-4
275	275	0.11229455152805093	0.07263219911614746	0.25561906578899746	0.05774352139496183	2.3230936319829643E-4	0.008054131212681035	1.3749923014207225E-4	0.45552946597798427	0.024850737310538464	0.012906519077298215
276	276	0.0046803412950896075	0.1900955633518748	0.18653565672083755	0.18656545835803673	0.10033185983887635	2.736754118810085E-4	0.1652233171009038	0.01463366801557115	0.15117158821777937	4.888716891495711E-4
277	277	0.014873774345041238	0.14143585868374034	0.09723356383049192	0.36952270573276325	0.2225482217986808	3.77371551716598E-4	0.1099461514103095	0.04263184025503929	7.56406279955402E-4	6.741061122615608E-4
278	278	4.8270378113744554E-4	0.09413711513685998	0.051013997598495675	0.12358399439922241	0.037550517859983285	0.16143096658750056	0.024461054567756393	0.28565450879543447	4.3447560317735667E-4	0.22125066567043247
279	279	0.115442707112023	6.539609577643918E-4	0.2626112299272784	0.042742901707956894	0.002152804991615529	0.023545936952418366	0.05859310401011813	0.49340829997248603	4.489510609832236E-4	4.001033073561308E-4
280	280	0.030848263194779926	0.0419962651671047	0.029768361197505526	0.45565875326748945	0.00540817355224656	0.036610396497667036	0.06728853033684196	0.08882153560824617	0.2356167842750542	0.007982936903064477
281	281	0.017499193514464766	0.5345950535051759	0.0579252350050822	0.10026190339794863	0.0037656874807651844	0.016166730292958252	0.01049192562369973	2.1664904914721738E-4	0.25308400130462166	0.005993620826136483
282	282	0.006853925527416894	0.3178620744784654	0.026532448102042847	0.06640959028537498	4.6599166414395204E-4	2.1434130147163864E-4	0.31432376831746406	0.07363295090922202	0.19332202739593432	3.828820184639647E-4
283	283	0.006014808741217687	0.058574402112283305	0.027841522922471128	0.13512748015567747	0.0033804283626662737	0.0029675027932021696	0.4948381178745975	0.14698007701813684	0.12364740034297658	6.282596767709435E-4
284	284	0.1045047202222238	0.215518383365553	0.1535576966471301	0.03476964717982523	0.012236870386581408	0.04470528843474246	0.020607347359589544	0.06343235598650258	0.3004713784687611	0.05019631194909079
285	285	2.8372946897685153E-4	0.161464741862683	0.39481330675999926	0.03663272952296194	0.09503743413321393	1.2740989888878075E-4	1.6394908899472526E-4	0.30625570132283664	0.0012029856958402365	0.004018012245604689
286	286	0.016757436595078085	0.010963440201139997	0.41175531042038227	0.11220386916213082	0.420132534699496	0.01651279076299682	0.009154798828375202	2.809086918716723E-4	3.9968109690791874E-4	0.001839229541621236
287	287	0.5276197069792283	0.02998016599574609	0.06908430931183938	0.05955533401134272	9.330353239513623E-4	4.2916648739228856E-4	5.522448039649746E-4	6.045933117776672E-4	8.602244253263618E-4	0.3103812193494308
288	288	0.01003939398279992	0.10946061097178056	0.07734446094195675	0.09031513528400438	3.155732237503623E-4	0.0012247259477026267	0.38343495887175255	0.21288023602784592	0.1093277523769469	0.005657152371460067
289	289	0.22761346177146347	0.11300998605935157	0.4784248033244062	0.01963421641801598	0.04029528168674377	0.0032984096853712823	0.05174512316388848	0.06544237666857519	2.8359898933157573E-4	2.527422328525461E-4
290	290	0.6042253789644668	0.004444942000666579	0.011630055322910483	0.3723618279510667	9.330353239513623E-4	4.2916648739228856E-4	5.522448039649746E-4	6.045933117776672E-4	8.602244253263618E-4	0.00395853140847665
291	291	0.0026240291292278332	0.14651789729854797	0.5245320391017201	0.07264496328438866	0.1772151110238658	0.008141634076443815	0.016173835317155827	2.1615458184859814E-4	0.023130971416967804	0.028803364769833657
292	292	0.005799891837331385	0.4173689503276343	0.05347902419347286	0.16681433437520307	0.008488297456593557	1.8137873833549853E-4	0.021817311378091276	0.011047477430604653	0.31333033915798136	0.0016729951047520675
293	293	0.00485713670518684	0.14190136881192725	0.2556241285427778	0.13934825019072578	0.3419620193379095	0.10619052980585547	2.546976792115185E-4	2.7884103620528475E-4	0.009229455570078527	3.535723201221126E-4
294	294	0.8273375951768126	6.51789385946416E-4	0.0940466472179232	0.052562901047234205	4.8533407199819823E-4	2.2323819210741974E-4	0.0069285483346225125	0.010276422733911713	0.0021077824738318543	0.005379741365611902
295	295	0.00880434379391965	0.11850776736830748	0.10675978396914129	0.38711233617155216	0.04229061777986517	0.0027734429356387554	9.345592882292204E-5	0.2988125033669733	0.02715372954351169	0.007692019142267538
296	296	0.021709588033733233	0.027184843527252214	0.45160056382039093	0.14035907325318264	0.024306800752687006	0.0029675027932021696	4.525701603577835E-4	0.32485424233331306	0.005936555649109969	6.282596767709435E-4
297	297	0.23812968418276437	0.01175515973366441	0.008464560093902286	0.46402319600326747	2.5657425450095354E-4	1.1801597295710676E-4	0.00629602392924129	0.2696316819950004	2.3655207360951728E-4	0.0010885517610922206
298	298	0.06370828596782939	0.021153514805757497	0.1743229785126845	0.25577063487090407	0.0026304341736518894	2.736754118810085E-4	3.5216129083749344E-4	0.47057365445328536	0.010725788824019217	4.888716891495711E-4
299	299	0.12260207261335916	0.009371861161649423	0.18662345783543818	0.002578424763033005	0.13432545993344883	0.02011202891933478	0.08685329349524101	0.004659022977249127	0.0010556589641355742	0.4318187193371109
300	300	0.0067157876631151175	0.06389788853429319	0.06440887463930696	0.3534720605361285	0.3527272094740395	0.030805370932263654	0.020706624971092588	0.05534259537608134	0.03311569887229983	0.01880788900137916
301	301	0.003561959997887703	0.15588222119698478	0.009331404100378474	0.2500918402451724	0.0035542902162064714	0.019577455571620578	1.8678143111299663E-4	0.33379233707954065	0.2237624194437294	2.592907173665528E-4
302	302	0.2070498605416722	0.0962984478738864	0.47037373850282327	0.09670204504869617	0.10222247681351015	2.0424764547747286E-4	0.026087200323239308	2.8773626093768256E-4	4.0939546450308086E-4	3.648515252543372E-4
303	303	0.026665527388390693	0.10679107029165313	0.08445988613105851	0.3200294978932456	0.008133641451542111	0.010014244397371348	1.1448098584805079E-4	0.4434544029888783	1.783255171526807E-4	1.5892295485954122E-4
304	304	5.268722094092971E-4	0.1854547185099172	0.14366471302793057	0.06098662071662571	0.5812010194377787	2.3659415840807097E-4	0.00558341524001161	3.333047895895794E-4	0.00927251360522249	0.012740228305106837
305	305	0.2963216566710552	0.004051090533011589	0.0015158376720618056	0.33446526342779415	2.6958880640724195E-4	0.07298255596013682	0.10253044344247268	0.12560207322265196	0.062039982640356726	2.2150762405185286E-4
306	306	9.87223290534553E-4	0.1397744291725819	0.19995076061315634	0.08459897213609824	0.12955244053518286	4.4331672730800806E-4	0.4226049694196941	0.010515961603777631	8.8858726901831E-4	0.010683339232647884
307	307	0.0012618070823288907	0.018511178299608234	0.2134225185543584	0.13762854551135054	0.5785778351124389	5.666197217948756E-4	0.03865695479523806	0.009226640451807797	0.0011357366869935567	0.0010121637840806823
308	308	0.028468817381049876	0.3937130484687617	8.216746332910949E-4	0.17957303567773997	0.15612593954005627	0.011661610540609066	2.2088074504127324E-4	0.04875497153939296	0.16503345089620094	0.0156265705778569
309	309	0.08222691719769883	9.144529631865975E-4	0.02479336605821974	0.12499222447166926	0.14510451502488075	0.011960264868632369	0.3451561240646162	0.019076527840683817	0.05420427719574966	0.1915713303146627
310	310	8.475058252844839E-4	0.049229906537381296	0.1575000198592502	0.17169403213906334	0.0036579105030851364	0.5353477143635148	0.008981261217397025	0.0033666548789251954	0.0686951643635541	6.798303125443823E-4
311	311	4.3125562629665957E-4	0.10858902146832214	0.2774674194888741	0.093128230258971	0.5146133590073592	1.936571338177004E-4	2.491950071670402E-4	2.7281675369305214E-4	0.001828482432777649	0.0032265628227215173
312	312	0.5233467308649022	0.008962054079187647	0.12847966633496488	0.1551372229959491	0.0018117571240154821	1.884986828828003E-4	0.025477638497687857	0.005873345571227413	0.029818756319172263	0.1209043295300104
313	313	0.0020230925677606868	0.2310357278038606	0.05860818609835927	0.18941247142015702	0.002012031469471639	0.29913845540236705	2.6936982745745064E-4	2.949039898722307E-4	0.21683182116666477	3.739402540292827E-4
314	314	0.0011306237420567633	0.2987859920037368	0.06407733202775757	0.16763201254505322	0.14208069808814103	0.021869497748561895	0.19070251541107233	0.00451531151231487	0.10899703699816528	2.0897992314025245E-4
315	315	0.8228488367712119	0.008458751232335558	0.06478737312250664	0.03785582198963236	5.62906365542487E-4	2.5891897276466024E-4	0.008035957470429334	3.647551330884051E-4	0.03518150948847183	0.02164516945401687
316	316	0.5330901847281063	0.026828921414260177	0.004069446497476919	0.33576143031451167	0.003350017325195927	7.158348525758944E-5	0.061317925864149594	1.0084407261957021E-4	0.01611543376440408	0.019294212534018175
317	317	0.07526752495016907	0.1811588040511641	0.08493125367314255	0.3149414906692845	0.01791074523695743	7.94982072433614E-5	0.030256745870843472	0.2951525813695985	1.5934678417209837E-4	1.4200918742500202E-4
318	318	0.011432563205195194	0.12842216265864703	0.45099878893902695	0.12865055322528868	0.037215321749498605	9.752100326818551E-4	1.487280692319396E-4	0.23999927776745117	0.0010913006040656685	0.0010660937489129602
319	319	0.03473520060604467	0.07355252789400193	0.38726585481789594	0.07162599444567506	0.02838900839234106	0.005026767626045574	1.2190175993223225E-4	0.39610533005108334	1.8988475877199454E-4	0.0029875296482082354
320	320	0.0016135966455367184	0.16191946528521056	0.08275700177258166	0.15479868210770306	0.006571912293191838	0.013826592920628815	0.003940199841510861	0.1927118042707102	0.35672680488300523	0.025133939979921086
321	321	0.6754419963928663	2.563637901423535E-4	0.10033588542488503	0.12581412390914512	0.0014969790816123205	0.0013938907303776183	0.019051232816055263	0.016449770980030223	0.05176639356966566	0.007993363305220167
322	322	0.010025786573855942	0.47736400187661326	0.07558080535990652	0.08824967856978888	0.0966543521834821	0.027386989080588085	0.004062147200526321	0.020626462252749018	0.12680855070301908	0.07324122619947084
323	323	0.13620155757293426	0.0671048324865243	0.03663995816498835	0.38522986695354905	0.050610826500992315	0.014812992377441186	0.03410602634537257	0.038082917647614734	0.01545633647741242	0.2217546854731708
324	324	3.866982530567449E-4	0.3698763496559911	0.16356037851448038	0.15066427565320378	0.13081914558321228	0.04537619099800613	0.04284298826213343	0.0015361305155493598	0.09462765095695501	3.101916074118888E-4
325	325	0.03760489723802925	0.013718834465395005	0.49998886939278064	0.010749418749833409	0.32064150709897155	5.437068070044885E-4	6.996335172232538E-4	0.11399208885605948	0.0010898098741198945	9.712340005830439E-4
326	326	0.13153431214663205	7.654447169749891E-4	0.04102891777305151	0.30377643158521794	7.103382332034804E-4	7.390495093701494E-5	0.04131991135954432	0.45027905725394646	0.03037966413514479	1.320178453474062E-4
327	327	0.06591751983532246	0.1430493886541265	0.040330786367417076	0.03150600705576475	0.17231323129330733	3.974508716584217E-4	5.114336397475598E-4	5.599135669352441E-4	0.009664712780661494	0.535749555935059
328	328	0.27791750924431263	0.010653009086520927	0.5326635304671435	0.0203373170932603	0.0028301674218705513	1.1558117449115357E-4	0.001008356927422641	0.1385630725009484	2.3167174587496707E-4	0.015679784338154885
329	329	0.01857536878735518	0.06446910897472534	0.08287491897962503	0.2581848246291381	0.45319175792422467	4.7128694979356635E-4	0.09174090911076833	0.0041691027117754876	0.025480852925670268	8.418690069238122E-4
330	330	0.18031961693484694	0.10240389434268633	0.004553360835990812	0.46023368258511904	0.10077071375964633	7.082929720028586E-5	6.179311882823253E-4	9.978160136735537E-5	0.1139284256862727	0.0370017637685879
331	331	0.2903028432466241	6.811954901614249E-4	0.01152818947068746	0.14863670639413953	5.072303848378904E-4	0.005438997551880227	0.036740033722276154	0.06973784796525545	0.0108790233619213	0.42554793241221656
332	332	0.0066387789741551295	0.2053581896151017	0.008807305848966957	0.2459242456520343	0.11296018298050199	0.3260304624611168	0.047508291186944225	0.025053460222066646	0.02159919089225286	1.198921668594235E-4
333	333	0.23630849907276538	0.0035273464202559457	0.23940119097136514	0.23054743489019167	0.08349434237167767	0.0012081179208696898	0.19024616031976818	0.001701950259990594	0.0024215603378570836	0.01114339743525861
334	334	0.14089853584981155	0.07323139180799051	0.5343355916461413	0.007540755157537	0.22100710447582292	0.0015402742250280814	0.0019820010705435616	0.002169879340798315	0.00308733684710722	0.014207129579219442
335	335	0.49765932446081734	0.010188803827108912	0.10001178902777387	0.2496588575768305	2.4033127521434547E-4	1.1054472059798099E-4	0.09798053666063714	0.009199606661711428	2.2157664110044885E-4	0.034728629148208
336	336	0.07519443428094408	0.020544240270594434	0.16003531686499012	0.0534511108799645	2.8072142873089844E-4	1.291229028649987E-4	1.661533560398662E-4	0.5955956453681654	0.08092777347376882	0.013675481173936762
337	337	0.31170623967651667	2.669998974255067E-4	0.12354248119181242	0.3031085201158361	0.00836045295175142	9.144759899332995E-5	0.10077790048369396	0.13683629849978415	1.8329823181092663E-4	0.015126361352375484
338	338	0.564646989025868	0.001575827877388574	0.12292992533897336	0.16048173616892408	0.04366240576350402	7.471910511718121E-4	0.0732223847152088	0.028446039341221283	1.7750335776498045E-4	0.004109997359975091
339	339	0.1352399736580239	0.02016025606931245	0.29460906556677435	0.06403727777061091	7.021818120543497E-4	0.005127292871989012	0.005219918899254099	0.3127352599607565	0.13757026757220664	0.024598505819017718
340	340	0.29799207978277586	0.004351327078265349	0.02956816490633535	0.35718619410027563	0.0026566065519453372	0.008984523577989071	0.003367254713335636	0.19381168722418107	0.07768100291258162	0.0244011591523151
341	341	0.4499321631258843	0.01762060914294247	0.1483197360118801	0.022377526369585992	0.06360020081263834	2.8229433661362406E-4	0.18092448007898648	3.976854504795084E-4	0.004764931146895283	0.11178037352409387
342	342	0.001045844394965196	0.06075099460171617	0.7008337681836015	0.07565072714746386	0.15820280664870803	4.6964077822591335E-4	6.043264959508762E-4	6.61611942672269E-4	9.413513879286905E-4	8.389284187672904E-4
343	343	7.007318998743562E-4	0.5649348839073367	0.04597225848275462	0.22387053815275962	0.0030244211897149033	0.01903719440093491	0.04721122764972594	4.4329022156659455E-4	0.09424335909575923	5.620949995730064E-4
344	344	0.21489487740174562	0.08622629928651135	0.10926799226073954	0.05771718680350267	0.0010774825555925573	4.95607606421372E-4	0.008009850809292767	0.3398152806200002	0.14106350088875783	0.04143192176743601
345	345	0.552649675515418	0.04889031765690181	0.00191955181448483	0.0049456876092883765	0.04560884230274416	4.0100702576909854E-4	0.03928810009615408	0.018459734318619393	8.037813958636107E-4	0.28703330226475654
346	346	0.002924688075992789	0.13818044739480786	0.5776453118938033	0.05775078330876659	0.11994865041865654	3.026264694413711E-4	0.020646329979443677	0.031937085115192616	0.007358891665710378	0.04330518567818484
347	347	0.15330142615426917	0.01418004500908108	0.08057901049261994	0.1332085766771978	7.686530941353369E-4	3.535559050821883E-4	0.479033651176296	4.980760190550509E-4	7.086700248150178E-4	0.13736833544744834
348	348	0.17292752585573853	2.7562312145468947E-4	0.05521590484043521	0.39293766082486115	2.0523392181083419E-4	0.010625943976465307	0.09771377153729435	0.07315168616574518	0.14903502475287364	0.04791162500332113
349	349	0.0019532410199078385	0.08736597053798528	0.010722046511043986	0.1478103580313519	0.39331489331506997	0.026970977543955107	0.0011286528923336642	0.0142825736666095	0.25617328639373	0.060278000088012706
350	350	3.378315491491562E-4	0.02300884047720196	0.05488436291712416	0.24219791743086547	0.46970069793458735	0.062207951123507	0.08256077469995964	0.0024703065000423238	0.062360324389351476	2.709929782114837E-4
351	351	0.010579618841427677	0.05103434550266221	0.00619518540315939	0.4489222709899492	0.39108893291526103	0.0018773411391746243	0.04321542411093496	5.400801959211614E-4	0.04643774223598073	1.0905866552895113E-4
352	352	0.10769668625003744	0.11947456539582049	0.2478091460711026	0.1616891261660114	0.01880551913839603	0.03316660642774459	0.01252194951697268	0.05318666122203475	0.22136781624649002	0.02428192356539005
353	353	0.5824335103333961	0.09181325078482366	0.06856146903938554	0.03296752981264463	0.06192907875639889	0.008182296134690537	0.032007217533730765	0.0043329629827200695	5.333582736385927E-4	0.11723932634857125
354	354	0.10973125456221633	0.04214732633004461	0.4755261989877232	0.0031211665509366044	0.33369986760504994	0.0021352724756909217	0.005972252415399744	0.00600312128667772	5.072571915628152E-4	0.021156282594698192
355	355	0.06172600796294031	0.09849883906757362	0.5334747233705976	0.12075495841024794	0.07639444985745056	0.0019576896038271258	0.06619599708447027	0.035026753538471574	2.4718321082905625E-4	0.005723397893591952
356	356	4.97129769777786E-4	0.038839200438881755	0.4427143133534199	0.0641851565850841	0.4006229890179729	2.2323819210741974E-4	2.872594558511479E-4	3.1448941575466815E-4	4.4746025413901333E-4	0.051868763517011446
357	357	9.649521820053719E-4	0.2333041071955764	0.03752460400622459	0.24060587380772885	0.4843565425343535	4.333157933335553E-4	5.575840667299887E-4	6.104386950829953E-4	8.685413243007378E-4	7.740403946638286E-4
358	358	8.029558698208076E-4	0.14669321799267762	0.1901038089924773	0.4521173704715538	0.08298394401201291	0.026654296826772447	1.0691161025270669E-4	7.349811732598904E-4	0.07431875576914611	0.025483757282026426
359	359	0.009822290760514992	0.11635233602323546	0.24675287991249473	0.004975731472836883	0.2516564103182075	0.0010163426312299092	0.3641395472231325	0.0014317845763069717	0.0020371645540097237	0.0018155125280312576
360	360	0.15191097369811687	0.02236103584213878	0.048838402855762506	0.452140592055384	0.01888710541286389	1.1391643495765293E-4	0.07978784584716526	0.20265262074318324	0.023104015976179122	2.0349113424869442E-4
361	361	0.053166818968889536	0.14124978219937423	0.09209236277427293	0.012078229564399015	0.009412830497104365	9.793289218428733E-4	0.0012601853228255244	0.6569132657597255	0.031097801769543115	0.001749394222022828
362	362	0.18363305145144035	8.0726686757052E-4	0.04245099824197983	0.30980980023487575	6.011053945874478E-4	2.7648930766644624E-4	0.33348846230788504	3.895075480121814E-4	0.08280917992752532	0.04573413871845707
363	363	0.6369156820791708	0.05126883923941304	0.03676563560610889	0.07796896881762456	0.006162002599806679	2.5164995264925836E-4	0.058344447930353746	0.007841047546263642	0.013605841271472385	0.11087588495713704
364	364	4.1453780946323356E-4	0.11960880206984244	0.056270276797766056	0.23488849656516048	0.041939108597382084	1.86149928591296E-4	2.3953485149232423E-4	0.007184642019881166	0.5223221654267971	0.01694628593362381
365	365	0.00223948546104596	0.12040551383172675	0.0717057850874116	0.49389930390865777	1.9840808063634533E-4	9.126138834309024E-5	0.21256672771743032	0.048998690680101674	0.043623036217576516	0.006271787627070015
366	366	3.74135156803862E-4	0.16667972011502172	0.12076032720989233	0.21449433059379427	0.152809476854044	1.6800694926407975E-4	0.3325945679375633	2.366817560113564E-4	3.36754349715623E-4	0.011545999077889498
367	367	0.02720018626836639	0.02435115953877823	0.08214410345716565	0.3206159005542547	0.006776316237159539	0.01978749990761712	0.02346181352181539	0.4894574299897898	0.003842725880196053	0.0023628646448570867
368	368	1.7394928853314137E-4	0.12629610547918593	0.04104102143294228	0.17292715419816124	0.0071413263871280734	0.05236439638878763	0.009395853484451325	0.5247157556053765	0.06580490359223115	1.3953414320268915E-4
369	369	3.1708138422902987E-4	0.03536251736087266	0.37132935704953024	0.14048424718297733	0.044787290956533866	1.423867152390553E-4	0.003360201964368596	0.37402534617006206	0.01405231837114879	0.016139252845038466
370	370	0.0028456415923226244	0.13015814554254765	0.1431802893686941	0.3837518356434203	0.003915771710122079	0.051621559417135386	9.29039129119525E-5	0.2621442951473316	0.02162361557861387	6.659420869004106E-4
371	371	6.785011991100651E-4	0.050743115755394384	0.07850483255857345	0.49096266280316747	0.10716766926119861	0.011635031369114951	0.22926508354193922	4.29226851154672E-4	0.030069614109587747	5.442625507593411E-4
372	372	0.48204510583390703	0.002549916390555231	0.03692196551325413	0.20852581197328476	3.115372991719144E-4	1.4329722031430903E-4	0.10676094062287962	0.12915949468493196	0.023734066543807324	0.009847863917893768
373	373	0.0015386973996296721	0.07200162829953606	0.10522985446872737	0.5356816435508507	1.363214912759791E-4	0.006125308622680231	0.27103249782026423	8.833434250696276E-5	0.0019911003756670808	0.00617461362886167
374	374	0.6096543035062865	8.023172730613149E-4	0.009490457336450962	0.35287312280045907	5.974198377040622E-4	0.016624924641043707	3.5360076160939125E-4	3.8711936078639187E-4	0.008725864514461393	4.908699681372065E-4
375	375	0.06403934569548696	0.09711106704069987	0.2298734819872354	0.41339320037564303	0.03047287108965337	0.0011554501930509215	6.349910132440342E-4	0.15221703108547172	0.007724548381921325	0.003378013137593404
376	376	0.2018931867666	0.014265626106608788	0.4480313888121618	0.0819505537819617	0.009534152260478901	0.006309238049362938	0.02572962178909505	0.15604634248721896	0.05372674530969863	0.002513144636813267
377	377	5.106965017682702E-4	0.08765684018166832	0.08808502860284431	0.41388583086483843	0.33480257151083076	2.2933038957070052E-4	0.03099648587809503	0.0020287044856016688	0.00898783457585466	0.032816677008927854
378	378	2.6075027564192066E-4	0.5585618998109214	0.035394817675288584	0.21132090019927594	0.035959744545281544	0.04975600151289106	1.5067088484243488E-4	1.6495331164969508E-4	0.10735024178997746	0.0010800199942299048
379	379	0.001116057511662352	0.33186891795083623	0.2676677472244865	0.1723434735696132	0.1359557689390118	0.003551044027331359	0.03192754997895466	0.0018804675444587672	0.05348268569366264	2.0628755998261194E-4
380	380	0.0017791478457819493	0.15682536157307553	0.027592468225052194	0.20594028861600983	0.13246153516105919	0.4523930141718616	0.0010280555966031024	0.0011255072630457137	0.019427470724500753	0.0014271508230101022
381	381	0.009775558423005459	0.10868638527639064	0.36859696414744114	0.0406375996917113	0.032894515266202996	1.413389756981736E-4	1.818728097837275E-4	0.4112187583704162	0.0013345020089689887	0.026532505030381428
382	382	2.1645284422311408E-4	0.20342228524480244	0.012754792533158817	0.22096425924952162	2.1131693708335595E-4	0.010940890837702876	0.009522940451738866	0.44761994471665395	0.094173488638444	1.7362854667096313E-4
383	383	0.01175215833990507	0.19359345551407572	0.05074045083151161	0.3570085387927187	0.007695460626129384	7.784131642605647E-5	1.0016500307674195E-4	0.3741053291090025	0.004787551015889003	1.390494512652024E-4
384	384	0.28114469386207797	6.443011532994386E-4	0.08311868727627071	0.2686036537444708	0.002121005424648607	2.206734686641809E-4	0.06757509543610463	0.24978045453806483	0.0037248139539212736	0.0430666211424776
385	385	0.25555869515099405	0.011038600913001111	0.040305017546653894	0.5309247845283568	0.013537303193578012	1.768460157420999E-4	2.2756272021354855E-4	0.08311195453280319	0.026660128784320097	0.03845910661433721
386	386	0.14314889026948607	0.003540792662974659	0.6398379463614599	0.00675896832072907	0.09736338966135097	3.41869376366517E-4	4.3991223051995386E-4	0.04624904903422345	0.02611159910023387	0.03620758298265549
387	387	0.20813108714857825	0.0969311807562346	0.24339683767974654	0.08521923366050622	0.033378603782540144	1.2366011131334772E-4	0.0111957101906766	0.020407949124754528	0.002087296270601381	0.2991284412750484
388	388	0.012956249810447816	0.003914222031050728	0.36536658528393584	0.4951331347990384	0.04279785029084111	0.0013406230119105268	0.001725092974761397	0.0018886183577410903	0.0026871545050205403	0.07219046893525256
389	389	0.051940470636002885	0.001979739804626317	0.3209578698386317	0.03357789839931079	0.38978894355266985	6.780618775897166E-4	0.19250839179653934	9.552276056154988E-4	0.0013591121537226735	0.006254284335291209
390	390	0.39663881798678613	0.04642417013476139	0.10099311292939231	0.1524528870346763	0.042114026709014776	1.8692631595570894E-4	0.14343675416676158	2.6333463525719683E-4	0.008716203860251863	0.1087737662271428
391	391	0.0017318808993025323	0.31773274474200836	0.22477042005657655	0.1434883332785484	0.08568963916955921	0.033499531293384545	2.3059570602760584E-4	0.08821812096552709	0.08299360994245765	0.021645123946608096
392	392	0.051912734890179786	9.567998172515195E-4	0.24042252006248724	0.1454041198864439	0.4394236130188754	3.277044180487752E-4	0.11497404413228363	4.616574341490443E-4	6.568531163880033E-4	0.0054599532238926735
393	393	4.7807938977104846E-4	0.048527735707917935	0.1143931719108042	0.4305626439412037	0.01164361783214438	0.0018113809854374394	0.26373133001124627	0.008285925177816294	0.11698922678693943	0.003576888256719314
394	394	0.08356713873867434	0.047090802027801325	0.31679496329057777	0.0643192389578909	0.01385056014273921	1.1430380940005515E-4	0.0018473414216525561	0.3810186051512373	0.06398875061402162	0.027408295846005
395	395	0.28355702646295433	0.02376468193849076	0.07697856141134815	0.30864197768245294	0.10225814593815843	9.028093487985874E-5	0.08203425151950343	0.07398774772392136	1.8095976178579093E-4	0.04850636662650498
396	396	0.0015860236520878284	0.10300661175801354	0.22292839347525617	0.11919824220082564	0.5288614167735874	1.6411074473947847E-4	0.006313999991817806	0.0038928878252064395	3.2894476905965365E-4	0.013719368809405993
397	397	0.009890991613530924	0.16939767576249207	0.24934737816012872	0.2301545439800236	0.1020772644102867	0.03182049949146256	0.009769600807130034	0.010745695596774211	0.12702432123900162	0.05977202893916958
398	398	0.3558374687216109	0.032204341800998	0.04460296277552376	0.31763481189850395	0.030017880582031618	0.012336449871224734	0.15473478346131783	1.0100539794934409E-4	0.008142463213759273	0.04438783227708059
399	399	0.05922458760196058	0.44941709947314035	0.0015686648109812136	0.3623224170026075	0.07139369319257531	0.014951409841610367	0.01260810616735247	0.005336225908669575	0.022592411251730393	5.853847493721421E-4
400	400	0.12340376271949473	3.6071913135882455E-4	0.05021039866491908	0.42604185521250176	0.004862950053389474	1.2354648369453957E-4	0.05253459182505865	0.18394813218299425	0.1546178685571901	0.0038961751693986483
401	401	0.11856896776684608	0.03981891999221986	0.2250533187360033	0.016838547997095207	0.015457824303059772	1.3590996472757056E-4	1.748868423625485E-4	0.5248086837150057	2.724189207183684E-4	0.058870521761961656
402	402	0.24397474654979184	0.004281962821805802	0.048774411744729816	0.32899235812052946	0.007941904495157453	1.6970336214993675E-4	2.1837166394827142E-4	0.30441957371540007	0.007913113210980302	0.05331385431550705
403	403	0.024108660352042528	0.01681090794908495	0.3086332031037813	0.014000592795738686	0.2728446121457285	0.00434170038356774	0.015970648338933205	7.249137370141492E-4	0.001031418129652582	0.34153334306445626
404	404	0.22064040255137965	0.17341320515965628	0.016991347665361853	0.18536260865299298	0.15841004409234613	4.919806705052998E-4	0.234814203136138	6.930835273712966E-4	9.861296303181573E-4	0.008196994913930274
405	405	0.11677424655147078	0.04299781413408918	0.5101334403579223	0.07070062056609924	9.3558241186921E-4	9.733978689968858E-5	0.009536728898249571	0.20139787094718795	0.045804557389516755	0.0016217989566954113
406	406	0.0021084422795511273	0.12882282124641564	0.46835472558054897	0.07895315138029191	0.29903372965451863	2.1816700670374234E-4	0.005148550574086517	3.0734532396763786E-4	4.3729553327250654E-4	0.01661577142064335
407	407	0.06833555210927175	0.07263102019141364	0.5964456162108787	0.05675901049143416	0.14425069175387442	2.7592190887008156E-4	0.004459361189032232	0.039379645053873424	5.530598787779056E-4	0.016910121212573667
408	408	0.0012107822467165234	0.1309887605485138	0.2007483683530982	0.605186630274608	0.05375133049601149	0.004587497361594793	6.996335172232538E-4	7.659533275309774E-4	0.0010898098741198945	9.712340005830439E-4
409	409	0.03417037315088355	0.005833735918723806	0.009564358277729031	0.9162691780485569	0.019204351049531793	0.0019980574826897893	0.0025710694922694934	0.0028147868626036496	0.004004920934669292	0.0035691687823427775
410	410	0.10054238529742733	0.013334578924891819	0.06522725553892228	0.5782350294147999	8.055345258869982E-4	0.03623681246237098	0.04062414116884185	0.10359045561262183	0.06063076913914973	7.730379150874047E-4
411	411	0.012392235805366176	0.055039130404497996	0.409523750923614	0.1487564318144286	2.2224192086040348E-4	1.0222419460288975E-4	1.3154051392029692E-4	0.27308705270462935	0.10056278665924813	1.8260505883224042E-4
412	412	0.24265172847462338	0.0014324243689697275	0.2093307393281762	0.3650008424667185	1.7500715742279428E-4	8.04977100990928E-5	0.010880137337996745	0.16954478089071154	1.6135019495775387E-4	7.424920703242975E-4
413	413	0.006618665324581567	0.27842360896851975	0.11227704255526279	0.3087017692499852	6.954303606874577E-4	0.012449305959281695	6.312322399149964E-4	0.2788524147580262	6.831550475739739E-4	6.673755361663156E-4
414	414	0.11476921200187602	0.038984185298176516	0.0460016280537358	0.4723216927470847	0.004014520498980129	0.004653332759038187	0.03730052758077905	0.21557383161563548	0.055579083817756905	0.010801985626937233
415	415	0.0026341714974496178	0.1670257095558296	0.13307232797883584	0.12296603939270123	0.5580708922710936	2.725658256413095E-4	0.0023779273715991037	3.839802967915863E-4	0.006627914558735874	0.0065684712513221334
416	416	0.33487336409343493	0.008565589954522718	0.22388959017848378	0.07142402740307993	2.4092552078152553E-4	9.350214611310604E-4	0.13201514400451983	0.02735482864675788	0.009288361985566942	0.1914131467517214
417	417	0.14409821180203794	0.028494010247394716	0.026664619946074327	0.5966245017361882	0.028445088576115225	0.004945342653379342	0.08694366197552496	0.028394876865149944	0.043073154375116746	0.012316531823018508
418	418	0.0035186656681060963	0.022726058106447792	0.2210810163585142	0.0044903486174590725	0.20388246872490084	3.640871575414241E-4	0.003176380661546341	0.13590685872156508	0.006145536810850688	0.3987085791730684
419	419	0.06078302255030836	0.009556330845167386	0.1287339143106104	0.09331726323470513	0.16178183513767375	2.3827126070927337E-4	3.066037762184419E-4	0.026917615484574386	0.004021852387062126	0.5143432910129707
420	420	0.0062143006282567885	0.001315832137544735	0.013553159718633731	0.36883953972666117	0.0018106617987106966	0.5709391224138768	9.515205046643E-5	0.0017540710789913502	0.034796103544470165	6.820569023881802E-4
421	421	0.03192744094175206	0.11299766328083174	0.45019723107539433	0.14861708438263285	0.10545758169057114	0.01036445136763816	0.028086399059692044	1.7631571291843904E-4	0.11102141798579644	0.001154414502772828
422	422	5.732755390120313E-4	0.15392243393510655	0.11036648341555229	0.1506018536940046	0.43326720975641136	2.5743176669073225E-4	3.312592192235441E-4	3.6266001412654146E-4	0.017747714165607876	0.1325696784942645
423	423	0.002134234956785972	0.216636801622234	0.26832190199652084	0.10448334167305834	0.30145762802062204	0.043726106138812705	0.0012332376969073472	0.05837376442772638	0.0019209980456062607	0.0017119854217260647
424	424	5.072358695967872E-4	0.11077989757117368	0.07054739072691356	0.2315092944221159	0.48161242621506567	2.2777637829140022E-4	2.930991237030276E-4	3.208826386531011E-4	0.042808425099044034	0.06139357195544286
425	425	0.09909304930363075	0.10120255329417657	0.15456914390275273	0.5249008183005154	0.009065252062919795	9.169706513937753E-5	0.06763520840641475	0.036274758547213924	0.0015477823855868974	0.00561973673164984
426	426	0.0022295894102795748	0.32311926692227444	0.29520296585222655	0.28041915221225605	0.039408784369375845	0.0010012064039438685	0.00128833692871517	0.001410461238973966	0.0020068253900692693	0.053913411271885266
